2.234636659504179988e+03
2.076831721637552619e+03
2.262842018347723752e+03
2.087878109469037099e+03
1.860181173972040824e+03
2.203201761074096339e+03
2.060076212182452309e+03
2.272301476477098277e+03
2.306743808922004973e+03
2.042717307901413960e+03
2.305500162654515862e+03
2.531191419075214981e+03
2.377240627281975321e+03
2.062549393347950627e+03
2.077128065382584737e+03
1.856725612469435418e+03
2.121703560820879829e+03
2.121851314300792183e+03
1.990907833125381103e+03
1.860689119654328579e+03
2.021466299496481724e+03
2.105930198273437327e+03
1.992679352028318590e+03
1.914675168272676046e+03
2.210964043126889010e+03
1.843282398331845343e+03
1.802198934635130627e+03
2.271922974046435229e+03
2.244464301342304680e+03
1.979538835183588844e+03
1.832481650658472518e+03
1.899361471653039416e+03
1.896204893992207872e+03
2.049338917797639624e+03
2.094165943758994672e+03
2.070832199865551502e+03
2.194402652204011702e+03
2.139226495722227355e+03
1.865414163128392147e+03
2.065176747883822372e+03
2.000519182612353688e+03
2.281151244437773130e+03
2.067179963138187759e+03
2.253375689937210609e+03
2.086047698400015179e+03
2.133056726859367700e+03
2.031646622816084118e+03
2.281009644872200170e+03
1.911296157062007978e+03
2.243786531736029247e+03
1.853496425677697289e+03
1.993561135255199588e+03
2.116978271026890070e+03
2.045611888897793733e+03
2.080169223885402971e+03
2.288055506319722099e+03
1.814305927896395360e+03
2.098329573732401059e+03
2.179492830912733098e+03
2.157460776004977561e+03
1.994706494700410758e+03
5.825834704143261661e+03
2.188986295069021253e+03
2.092302798354005063e+03
1.998294522836911483e+03
2.266771492674107321e+03
2.206432867775496106e+03
2.110869015358366596e+03
1.854326292754325323e+03
2.035009090888785295e+03
2.120738786366675413e+03
1.859904836275232583e+03
2.279676731468740400e+03
1.853281144349124361e+03
1.847251471781792816e+03
2.302815884954765352e+03
1.812496068961254423e+03
2.105385712880183746e+03
2.273039154964119916e+03
1.813378063173810460e+03
1.991093418200160613e+03
1.940197154930395300e+03
2.310602086037316894e+03
2.288932939166195865e+03
2.061345434418986315e+03
2.284984463842150490e+03
1.914591601360457162e+03
1.823365569489563541e+03
4.193868142896245445e+03
2.118582545005032443e+03
1.972879621264308071e+03
2.168854075312583063e+03
2.046253405617202588e+03
1.849337719293044756e+03
1.861323453889731582e+03
1.895781632994686333e+03
1.836264959094955884e+03
2.059536598363816211e+03
2.043808699462843606e+03
2.144266074907682651e+03
