48.198863333333335,-3.014701666666667,180032.0,99.9579816214,78.5936914193,0.620736498931,[-30.00366458],[-49.99633542]
48.198863333333335,-3.014701666666667,180033.0,100.017454633,78.6559706501,1.39681569061,[-30.0618532],[-49.9381468]
48.198863333333335,-3.014701666666667,180034.0,95.9721729369,82.8197135333,0.622339515094,[-30.11846248],[-49.88153752]
48.198863333333335,-3.014701666666667,180035.0,99.6900897203,79.1826689707,0.609725317245,[-30.15710541],[-49.84289459]
48.198863333333335,-3.014701666666667,180036.0,100.291058531,78.6621403029,0.639553939964,[-30.19553895],[-49.80446105]
48.198863333333335,-3.014701666666667,180037.0,97.9618321291,81.0712042178,0.580250820835,[-30.23368168],[-49.76631832]
48.198863333333335,-3.014701666666667,180038.0,100.008486748,79.1085003376,0.587808164507,[-30.27378643],[-49.72621357]
48.198863333333335,-3.014701666666667,180039.0,97.1707851518,82.0207925711,0.900274768814,[-30.30941704],[-49.69058296]
48.198863333333335,-3.014701666666667,180040.0,97.6842151501,82.9724645894,1.32630826052,[-31.0087688],[-48.9912312]
48.198863333333335,-3.014701666666667,180041.0,95.3188133684,86.8093047112,2.39550007892,[-31.71020363],[-48.28979637]
48.198863333333335,-3.014701666666667,180042.0,93.4122936465,90.2070771591,2.5737410121,[-32.42014824],[-47.57985176]
48.198715,-3.0146383333333335,180043.0,100.964392354,102.812398073,2.8906234293,[-33.12823098],[-46.87176902]
48.198725,-3.014648333333333,180044.0,99.0526263187,104.345558541,3.22489973212,[-33.83126907],[-46.16873093]
48.19873166666667,-3.0146533333333334,180045.0,98.0234067879,105.830116896,3.58610234212,[-34.54554739],[-45.45445261]
48.19874,-3.014655,180046.0,95.9317917439,108.546715975,3.59412744263,[-35.24581627],[-44.75418373]
48.198746666666665,-3.014648333333333,180047.0,97.510585407,108.617840178,3.9816388467,[-35.95227854],[-44.04772146]
48.198751666666666,-3.01464,180048.0,97.0015539604,111.077678065,3.69648810401,[-36.6496848],[-43.3503152]
48.19875666666667,-3.0146266666666666,180049.0,99.7719971803,110.824911919,3.78726941451,[-37.3664975],[-42.6335025]
48.19876333333333,-3.0146183333333334,180050.0,101.975238185,110.463786275,3.46440337191,[-38.07529369],[-41.92470631]
48.198771666666666,-3.01461,180051.0,103.801168289,110.370711254,3.40626242558,[-38.79555821],[-41.20444179]
48.19877833333334,-3.014605,180052.0,106.814194206,108.837457298,2.99709313251,[-39.49404799],[-40.50595201]
48.19878666666666,-3.014605,180053.0,108.63882101,107.826023079,2.33843934682,[-40.19011853],[-39.80988147]
48.198793333333334,-3.0146116666666667,180054.0,112.825204406,103.935119416,1.69633381981,[-40.90821738],[-39.09178262]
48.1988,-3.014623333333333,180055.0,115.281308463,101.218298711,1.677886987,[-41.61320502],[-38.38679498]
48.19880166666667,-3.014635,180056.0,118.088070537,98.5772748404,0.710301556452,[-42.32446849],[-37.67553151]
48.198795,-3.01465,180057.0,120,96.1337279163,0.359291593995,[-43.02561267],[-36.97438733]
48.19878333333333,-3.0146633333333335,180058.0,96.0708083341,120,5.96632795216,[-43.73396447],[-36.26603553]
48.198773333333335,-3.01466,180059.0,101.114487706,119.958452278,5.25405910532,[-44.44534966],[-35.55465034]
48.198766666666664,-3.01465,180100.0,102.396169902,120,4.49700755533,[-45.14544118],[-34.85455882]
48.19876333333333,-3.014641666666667,180101.0,108.425599412,118.499565928,3.68687947975,[-45.85787786],[-34.14212214]
48.198765,-3.0146283333333335,180102.0,112.062768838,117.626004122,3.16011667697,[-46.56233411],[-33.43766589]
48.19877,-3.014623333333333,180103.0,116.023070651,115.288986108,2.62316213117,[-47.27231867],[-32.72768133]
48.198775,-3.014625,180104.0,118.884902238,113.341413171,2.39967633863,[-47.97282189],[-32.02717811]
48.19878,-3.01463,180105.0,120,110.939623589,1.67726759544,[-48.70182261],[-31.29817739]
48.19878166666667,-3.014645,180106.0,120,108.288495866,1.90406514312,[-49.39431185],[-30.60568815]
48.19878,-3.01466,180107.0,120,110.994387137,0.51440224053,[-50.10409883],[-29.89590117]
48.198773333333335,-3.0146716666666666,180108.0,49.2114281839,63.2105885469,0.0699173934866,[-49.99999376],[-30.00000624]
48.198768333333334,-3.0146783333333333,180109.0,52.3524605082,60.7438314094,5.77135256815,[-49.29954787],[-30.70045213]
48.19876,-3.01468,180110.0,56.0734797774,56.9916867154,5.08034371543,[-48.60090299],[-31.39909701]
48.19875666666667,-3.0146766666666664,180111.0,59.3926437954,54.3806027751,4.15120965543,[-47.89339211],[-32.10660789]
48.198755,-3.0146716666666666,180112.0,62.7892999557,51.9444720881,3.7330051772,[-47.17840437],[-32.82159563]
48.19875666666667,-3.0146616666666666,180113.0,65.1765811038,50.9092211755,3.48945519806,[-46.47726744],[-33.52273256]
48.19875833333333,-3.0146566666666668,180114.0,67.8670721001,49.7400719959,3.1023852365,[-45.76945344],[-34.23054656]
48.19875833333333,-3.0146566666666668,180115.0,70.3539239894,48.6298591772,2.76731990309,[-45.06972134],[-34.93027866]
48.19875833333333,-3.0146566666666668,180116.0,72.3172693092,48.0742241457,2.44285784668,[-44.35685207],[-35.64314793]
48.19875833333333,-3.0146566666666668,180117.0,75.2080960473,46.5881109203,2.19574981571,[-43.64805723],[-36.35194277]
48.19875833333333,-3.0146566666666668,180118.0,46.0453514595,77.1555332738,2.13478371244,[-42.94172106],[-37.05827894]
48.19875833333333,-3.0146566666666668,180119.0,49.2427212062,75.3546215488,1.47710750562,[-42.24183218],[-37.75816782]
48.19878166666667,-3.014675,180120.0,55.8130550135,74.8663043788,0.924119564294,[-41.52253198],[-38.47746802]
48.19877833333334,-3.0146816666666667,180121.0,59.8568526993,71.9199509547,6.21010812257,[-40.81941701],[-39.18058299]
48.198775,-3.014685,180122.0,65.6911221894,67.097028439,5.40683002088,[-40.10500196],[-39.89499804]
48.19877,-3.014683333333333,180123.0,68.1691717478,65.1359693447,4.14244544722,[-39.40392387],[-40.59607613]
48.19877,-3.0146783333333333,180124.0,72.2529889845,62.2946840439,3.99672236313,[-38.69828312],[-41.30171688]
48.19877,-3.0146783333333333,180125.0,76.6229604473,59.3697762457,3.49244835247,[-37.99109306],[-42.00890694]
48.19877,-3.0146783333333333,180126.0,78.5797078481,58.8792976238,3.10228344829,[-37.27523845],[-42.72476155]
48.19877,-3.0146783333333333,180127.0,81.2226099168,57.6689665889,2.83846458799,[-36.57743853],[-43.42256147]
48.198785,-3.0146533333333334,180128.0,84.0688884057,57.7852495981,2.40053680984,[-35.877083],[-44.122917]
48.19878833333333,-3.014655,180129.0,86.3891046198,57.5547669637,2.48289234683,[-35.16029526],[-44.83970474]
48.198791666666665,-3.0146616666666666,180130.0,88.7347116653,57.4796411548,1.92109936996,[-34.45508761],[-45.54491239]
48.198795,-3.01467,180131.0,59.4819267652,89.0794312087,1.65494997375,[-33.7512113],[-46.2487887]
48.19879666666667,-3.0146816666666667,180132.0,63.3458730573,87.4463880756,1.15723718448,[-33.04323343],[-46.95676657]
48.19879666666667,-3.0146933333333332,180133.0,67.3043975552,85.4752329676,0.605457189847,[-32.3291795],[-47.6708205]
48.198795,-3.0147033333333333,180134.0,71.6968501592,82.7160839177,6.1635840664,[-31.62726083],[-48.37273917]
48.19878833333333,-3.0147066666666666,180135.0,75.7647023252,79.1789010612,5.55687641097,[-30.91968301],[-49.08031699]
48.19878333333333,-3.0147066666666666,180136.0,79.2146932736,76.389048609,4.49565605127,[-30.21278747],[-49.78721253]
48.19877833333334,-3.0147033333333333,180137.0,84.609590268,100.231275625,3.66441629489,[-30.00000438],[-49.99999562]
48.19877666666667,-3.014695,180138.0,90.1778532061,97.2091450045,3.43712080029,[-30.71167887],[-49.28832113]
48.19877833333334,-3.014685,180139.0,93.5047525287,96.333974997,2.89004883259,[-31.42447329],[-48.57552671]
48.198785,-3.014683333333333,180140.0,95.9695525241,95.0108515823,2.23820673861,[-32.12589665],[-47.87410335]
48.198785,-3.014683333333333,180141.0,101.426856603,91.0822675149,1.63287032243,[-32.83668504],[-47.16331496]
48.19879666666667,-3.014695,180142.0,103.96163305,87.8706596178,1.37501845224,[-33.53587057],[-46.46412943]
48.198795,-3.014705,180143.0,107.040594852,85.416514075,1.15533915315,[-34.25298926],[-45.74701074]
48.19878833333333,-3.0147133333333334,180144.0,110.431256169,83.2258376948,6.22847626452,[-34.95834104],[-45.04165896]
48.19878166666667,-3.0147166666666667,180145.0,86.8559981449,108.578052895,5.69324597268,[-35.68060147],[-44.31939853]
48.198775,-3.0147166666666667,180146.0,90.2985591791,107.184210722,4.75957844488,[-36.36216709],[-43.63783291]
48.198771666666666,-3.01471,180147.0,93.3349044189,106.706158269,4.00690922394,[-37.08911358],[-42.91088642]
48.198775,-3.0146983333333335,180148.0,98.5081107694,103.977852634,3.18297786301,[-37.79005056],[-42.20994944]
48.19878,-3.01469,180149.0,102.451564333,102.007211991,2.76255811677,[-38.49773627],[-41.50226373]
48.19878666666666,-3.0146883333333334,180150.0,104.589514759,101.022345921,2.05541245755,[-39.21200246],[-40.78799754]
48.19879,-3.0147,180151.0,106.207822389,99.4164674499,1.33944677429,[-39.90955033],[-40.09044967]
48.198793333333334,-3.0147083333333335,180152.0,112.468517188,93.5381839345,1.30783477031,[-40.61706729],[-39.38293271]
48.198791666666665,-3.0147166666666667,180153.0,113.94430448,92.8634946109,0.159339425075,[-41.31790852],[-38.68209148]
48.198785,-3.014725,180154.0,119.319801149,88.7697874598,5.92568657721,[-42.03476403],[-37.96523597]
48.19877666666667,-3.0147216666666665,180155.0,94.4780795392,116.200013763,5.27736586325,[-42.72582821],[-37.27417179]
48.19877,-3.0147133333333334,180156.0,97.5640738299,116.134050593,4.05972329017,[-43.44411722],[-36.55588278]
48.198768333333334,-3.014701666666667,180157.0,104.405845474,112.177297492,3.73555787161,[-44.14883377],[-35.85116623]
48.198775,-3.0146883333333334,180158.0,108.151704426,110.744175029,2.93111792951,[-44.85396353],[-35.14603647]
48.19878166666667,-3.0146866666666665,180159.0,111.765935529,108.243086252,2.36167174371,[-45.55672379],[-34.44327621]
48.19879,-3.0146916666666668,180200.0,112.41788557,107.886501761,1.68086539923,[-46.26636882],[-33.73363118]
48.198791666666665,-3.014701666666667,180201.0,117.702808349,102.973237139,1.5469051457,[-46.97709652],[-33.02290348]
48.19879,-3.0147133333333334,180202.0,120,100.955928435,0.701327131684,[-47.69159299],[-32.30840701]
48.19878666666666,-3.0147216666666665,180203.0,120,98.2977020905,0.195091416462,[-48.39124771],[-31.60875229]
48.19877666666667,-3.01473,180204.0,98.1286072769,120,5.83944318511,[-49.09609137],[-30.90390863]
48.198766666666664,-3.0147266666666668,180205.0,99.922362467,120,5.15930037731,[-49.80708477],[-30.19291523]
48.19876166666667,-3.01472,180206.0,59.6963095541,52.1781283901,4.3833214834,[-49.99999393],[-30.00000607]
48.19875833333333,-3.0147083333333335,180207.0,63.0963775686,49.2253039943,3.72748919094,[-49.2903902],[-30.7096098]
48.19876,-3.0146983333333335,180208.0,65.6086556535,48.0435058434,3.27335492007,[-48.59733147],[-31.40266853]
48.19876333333333,-3.01469,180209.0,68.4362618736,46.9313341182,2.81544564471,[-47.8828092],[-32.1171908]
48.198768333333334,-3.0146866666666665,180210.0,71.3607639895,46.1652447967,2.41344084334,[-47.17161536],[-32.82838464]
48.198771666666666,-3.0146866666666665,180211.0,73.5582052649,45.9405714997,2.21100917561,[-46.46492077],[-33.53507923]
48.198775,-3.0146883333333334,180212.0,75.8217847972,45.6983979631,1.98759039804,[-45.76369668],[-34.23630332]
48.198775,-3.0146883333333334,180213.0,46.4828367139,76.4533085314,1.71092190407,[-45.05314853],[-34.94685147]
48.198775,-3.0146883333333334,180214.0,50.1516409742,74.2066283542,1.21805099196,[-44.34185269],[-35.65814731]
48.19877833333334,-3.0147166666666667,180215.0,54.9419160908,72.4565153746,0.744344755267,[-43.63475653],[-36.36524347]
48.198775,-3.014725,180216.0,60.4079972927,68.1892631216,6.03838862767,[-42.9311449],[-37.0688551]
48.19877,-3.0147283333333332,180217.0,66.1038348596,63.2154914728,5.32249643066,[-42.23500321],[-37.76499679]
48.198765,-3.014725,180218.0,67.7413159578,62.0710193238,4.17859358705,[-41.52091978],[-38.47908022]
48.198766666666664,-3.014718333333333,180219.0,71.2074507897,60.0617551365,3.89578347008,[-40.81466487],[-39.18533513]
48.198768333333334,-3.014705,180220.0,75.4089819921,57.0462243433,3.34613473021,[-40.10675241],[-39.89324759]
48.198768333333334,-3.014705,180221.0,77.6122765188,56.2948093788,2.90802381024,[-39.40045569],[-40.59954431]
48.198768333333334,-3.014705,180222.0,80.4212405375,54.9426325353,2.53435232661,[-38.69337773],[-41.30662227]
48.198768333333334,-3.014705,180223.0,82.7293935827,54.1058916358,2.37888459253,[-37.98077163],[-42.01922837]
48.198768333333334,-3.014705,180224.0,53.5167649764,84.7710915663,1.91556912867,[-37.27877946],[-42.72122054]
48.198791666666665,-3.0147066666666666,180225.0,57.7357001273,86.0000381552,1.34830045532,[-36.56639184],[-43.43360816]
48.198793333333334,-3.0147133333333334,180226.0,63.2660318372,82.4716309738,1.0017155557,[-35.87274963],[-44.12725037]
48.198793333333334,-3.01472,180227.0,67.0911167754,80.4242081583,0.202910209829,[-35.15864698],[-44.84135302]
48.19879,-3.0147233333333334,180228.0,70.8844624429,77.7118911444,5.80095811472,[-34.44695664],[-45.55304336]
48.19878666666666,-3.0147216666666665,180229.0,75.4434599039,74.0144328083,4.96581930786,[-33.73501511],[-46.26498489]
48.198785,-3.0147166666666667,180230.0,80.0666655014,70.3613412972,4.12116127514,[-33.03077752],[-46.96922248]
48.198785,-3.0147166666666667,180231.0,82.8270361802,69.087558599,3.78547734503,[-32.32184898],[-47.67815102]
48.198785,-3.0147166666666667,180232.0,85.5187074,67.8860709063,3.24145892673,[-31.61233646],[-48.38766354]
48.198785,-3.0147166666666667,180233.0,87.3028854601,67.5641699446,3.19741538437,[-30.91717477],[-49.08282523]
48.198785,-3.0147166666666667,180234.0,91.1444236819,65.2311675007,2.56321452619,[-30.20108987],[-49.79891013]
48.198785,-3.0147166666666667,180235.0,91.3768893835,91.5155115225,2.60535795888,[-30.00000489],[-49.99999511]
48.198798333333336,-3.0147216666666665,180236.0,88.8256230759,94.0064653934,3.21741773846,[-30.7192648],[-49.2807352]
48.19881,-3.0147216666666665,180237.0,86.3515950781,97.0471657813,3.77560378214,[-31.4179557],[-48.5820443]
48.198816666666666,-3.014718333333333,180238.0,84.7476413224,99.987402996,4.24144223094,[-32.12349445],[-47.87650555]
48.198825,-3.0147033333333333,180239.0,86.9853232266,100.210293881,3.98486263119,[-32.83320203],[-47.16679797]
48.19883333333333,-3.014683333333333,180240.0,88.9317271208,101.252664844,4.39471172322,[-33.53369479],[-46.46630521]
48.19884,-3.01466,180241.0,87.1876579898,106.509652486,4.61864743884,[-34.2449768],[-45.7550232]
48.19884,-3.014641666666667,180242.0,89.5927553192,107.584380105,4.391511407,[-34.95430809],[-45.04569191]
48.19884,-3.0146166666666665,180243.0,90.2455516009,111.119083653,4.02810583247,[-35.65567093],[-44.34432907]
48.198838333333335,-3.0145916666666666,180244.0,95.1256307117,110.564933511,4.49539373981,[-36.3619041],[-43.6380959]
48.19884166666667,-3.014571666666667,180245.0,96.9438582652,112.186013955,4.13495849441,[-37.07786138],[-42.92213862]
48.198843333333336,-3.014553333333333,180246.0,100.790865691,111.699860442,3.78390752332,[-37.78281243],[-42.21718757]
48.19884666666667,-3.01454,180247.0,105.198839897,109.983475622,3.17471893278,[-38.48494538],[-41.51505462]
48.19885,-3.0145333333333335,180248.0,108.573224058,108.594473268,2.69650761163,[-39.1967018],[-40.8032982]
48.19885,-3.01453,180249.0,110.886601825,108.125564648,2.29800781938,[-39.90048623],[-40.09951377]
48.19885,-3.014526666666667,180250.0,115.747957696,105.131681107,1.68698300237,[-40.6147836],[-39.3852164]
48.19885333333333,-3.014526666666667,180251.0,117.830530097,104.27624511,0.927156464013,[-41.31217621],[-38.68782379]
48.19885333333333,-3.014526666666667,180252.0,120,100.807150711,0.423481484847,[-42.02878441],[-37.97121559]
48.19885333333333,-3.014526666666667,180253.0,120,99.2202186395,0.18651028965,[-42.72666575],[-37.27333425]
48.19885333333333,-3.014526666666667,180254.0,98.6299893875,120,5.90913415528,[-43.43285676],[-36.56714324]
48.19885333333333,-3.014526666666667,180255.0,99.295104929,120,5.6401367553,[-44.14710491],[-35.85289509]
48.19885333333333,-3.014526666666667,180256.0,100.627323696,120,5.59100360149,[-44.85476954],[-35.14523046]
48.19885333333333,-3.014526666666667,180257.0,120,101.707055914,6.24259458757,[-45.55797943],[-34.44202057]
48.19885333333333,-3.014526666666667,180258.0,120,104.05834788,0.247689663172,[-46.26316364],[-33.73683636]
48.19885333333333,-3.014526666666667,180259.0,120,105.618469205,0.424971669685,[-46.97426189],[-33.02573811]
48.19885333333333,-3.014526666666667,180300.0,120,106.451914181,0.445821296535,[-47.68349372],[-32.31650628]
48.19885333333333,-3.014526666666667,180301.0,120,107.754231894,0.410590890062,[-48.39084293],[-31.60915707]
48.19885333333333,-3.014526666666667,180302.0,120,103.906798677,5.91950991977,[-49.08858805],[-30.91141195]
48.19885333333333,-3.014526666666667,180303.0,107.378851233,120,5.208991687,[-49.80495247],[-30.19504753]
48.19882833333333,-3.0145116666666665,180304.0,61.1114753531,58.2595484651,4.46725501364,[-49.99999326],[-30.00000674]
48.19882666666667,-3.014508333333333,180305.0,61.3210487653,58.9161226935,4.57166563416,[-49.29825413],[-30.70174587]
48.198825,-3.0145066666666667,180306.0,61.3345591196,59.7776203496,4.66127726326,[-48.60225877],[-31.39774123]
48.19882333333333,-3.014508333333333,180307.0,61.9945203329,60.0710770058,4.61320946209,[-47.88364725],[-32.11635275]
48.19882333333333,-3.014508333333333,180308.0,68.3466450629,54.9388648568,3.45990610062,[-47.17895043],[-32.82104957]
48.19882333333333,-3.014508333333333,180309.0,74.463674033,50.0605178771,2.41727092083,[-46.46836417],[-33.53163583]
48.19882333333333,-3.014508333333333,180310.0,73.3585226154,52.3976368881,2.72885159492,[-45.7663376],[-34.2336624]
48.198811666666664,-3.0144866666666665,180311.0,73.3157138699,51.3498576893,2.62312297667,[-45.05267884],[-34.94732116]
48.19880666666667,-3.014483333333333,180312.0,73.9433281379,51.0164595657,2.47612252775,[-44.35397513],[-35.64602487]
48.19880166666667,-3.0144766666666665,180313.0,74.0355125442,51.2082212846,2.50805706616,[-43.63900965],[-36.36099035]
48.198798333333336,-3.014466666666667,180314.0,73.6349617934,52.1347830034,2.66244370256,[-42.93094141],[-37.06905859]
48.19879666666667,-3.014456666666667,180315.0,74.3548755228,52.2064584223,2.61137688081,[-42.24024763],[-37.75975237]
48.198795,-3.0144466666666667,180316.0,74.8590065178,52.5376240716,2.56348730841,[-41.52485579],[-38.47514421]
48.198793333333334,-3.014435,180317.0,74.812629437,53.3737444013,2.66142326526,[-40.82423372],[-39.17576628]
48.19879,-3.0144266666666666,180318.0,75.4592609835,53.2831722756,2.57861664387,[-40.11135434],[-39.88864566]
48.19878833333333,-3.0144233333333332,180319.0,75.4222092375,54.2111420843,2.69143170275,[-39.41129063],[-40.58870937]
48.19878666666666,-3.0144166666666665,180320.0,75.7396354448,54.7596377741,2.70529201105,[-38.70267145],[-41.29732855]
48.19878666666666,-3.0144116666666667,180321.0,62.9084390676,68.7687730936,5.39569682204,[-37.99721683],[-42.00278317]
48.198785,-3.014415,180322.0,73.5333029447,59.1489954976,3.60778478636,[-37.28928549],[-42.71071451]
48.19878166666667,-3.0144066666666665,180323.0,61.4406301019,71.7970242611,5.85243846716,[-36.57816666],[-43.42183334]
48.19878333333333,-3.0144016666666666,180324.0,62.9010702353,71.8079938966,5.71322601495,[-35.8767116],[-44.1232884]
48.19878333333333,-3.0144016666666666,180325.0,63.4778258457,72.5112413307,5.72805529243,[-35.16112235],[-44.83887765]
48.19876333333333,-3.0143983333333333,180326.0,62.4156657691,71.2601109525,5.73736583098,[-34.45436134],[-45.54563866]
48.198755,-3.01439,180327.0,62.6751367261,70.6644161633,5.6497638014,[-33.74957752],[-46.25042248]
48.198748333333334,-3.014385,180328.0,62.8317024124,70.5265890606,5.59976513978,[-33.04260292],[-46.95739708]
48.19874166666666,-3.0143816666666665,180329.0,62.6847477653,70.7175544354,5.66629613941,[-32.3391941],[-47.6608059]
48.19873333333334,-3.014375,180330.0,62.4617740923,70.6545306388,5.70966610329,[-31.62475714],[-48.37524286]
48.198725,-3.0143733333333333,180331.0,63.8387335291,69.0557706367,5.39890826357,[-30.92702719],[-49.07297281]
48.19871333333333,-3.01437,180332.0,65.0585172612,67.0376314026,5.07659766352,[-30.21038409],[-49.78961591]
48.198701666666665,-3.0143633333333333,180333.0,103.330374315,120,4.74506737868,[-30.00000472],[-49.99999528]
48.19869833333333,-3.01435,180334.0,106.533499664,120,4.42580659944,[-30.72761358],[-49.27238642]
48.19869666666666,-3.01434,180335.0,106.08542545,120,4.76063337722,[-31.42801902],[-48.57198098]
48.1987,-3.0143216666666666,180336.0,107.879918422,120,4.74671892191,[-32.13960348],[-47.86039652]
48.198706666666666,-3.0143133333333334,180337.0,109.776159535,120,4.56752954393,[-32.84809537],[-47.15190463]
48.198715,-3.0142983333333335,180338.0,112.505539396,120,4.22677775559,[-33.5529768],[-46.4470232]
48.19872,-3.0142866666666666,180339.0,111.305840452,120,4.40657440801,[-34.25541742],[-45.74458258]
48.19873,-3.0142766666666665,180340.0,111.442956439,120,4.40804750667,[-34.965842],[-45.034158]
48.19873666666667,-3.0142783333333334,180341.0,111.935845766,120,4.33323967117,[-35.67351658],[-44.32648342]
48.19874166666666,-3.0142766666666665,180342.0,111.320697918,120,4.46271191478,[-36.36860915],[-43.63139085]
48.19875,-3.01427,180343.0,111.193790253,120,4.47114557429,[-37.08305724],[-42.91694276]
48.19875833333333,-3.014266666666667,180344.0,111.290880596,120,4.46948316001,[-37.79100022],[-42.20899978]
48.198766666666664,-3.0142583333333333,180345.0,110.679477072,120,4.56809958585,[-38.49675998],[-41.50324002]
48.198785,-3.014245,180346.0,106.513814269,120,5.48915674817,[-39.20711679],[-40.79288321]
48.19878666666666,-3.0142366666666667,180347.0,104.311673088,120,5.86237899136,[-39.91914801],[-40.08085199]
48.198785,-3.01423,180348.0,104.723080445,120,5.81103411092,[-40.62319055],[-39.37680945]
48.19878166666667,-3.014221666666667,180349.0,104.829207136,120,5.79832014325,[-41.32576553],[-38.67423447]
48.19877666666667,-3.014215,180350.0,104.876034902,120,5.74549804055,[-42.03483568],[-37.96516432]
48.19877833333334,-3.0142083333333334,180351.0,104.775114004,120,5.77293306817,[-42.73700083],[-37.26299917]
48.19877666666667,-3.014203333333333,180352.0,104.451360457,120,5.86681386469,[-43.44799507],[-36.55200493]
48.198771666666666,-3.0141983333333333,180353.0,104.648178402,120,5.79055137121,[-44.15167969],[-35.84832031]
48.19877,-3.0141933333333335,180354.0,104.450048996,120,5.84682328682,[-44.84634102],[-35.15365898]
48.19876,-3.014185,180355.0,120,104.63011517,5.94064973582,[-45.55181503],[-34.44818497]
48.198746666666665,-3.014186666666667,180356.0,104.53913981,120,5.83352855478,[-46.26087135],[-33.73912865]
48.198735,-3.0141816666666665,180357.0,105.357691513,120,5.61172719599,[-46.97558783],[-33.02441217]
48.198728333333335,-3.014175,180358.0,106.914746019,120,5.31657945995,[-47.68222813],[-32.31777187]
48.19872,-3.01417,180359.0,109.72801383,120,4.75425145494,[-48.3850624],[-31.6149376]
48.198715,-3.0141666666666667,180400.0,111.234284571,120,4.44569027006,[-49.09243353],[-30.90756647]
48.19871166666667,-3.014168333333333,180401.0,109.476223604,120,4.79022482018,[-49.80841239],[-30.19158761]
48.19871166666667,-3.0141666666666667,180402.0,51.0265184387,53.0012575322,4.5730563216,[-49.99999376],[-30.00000624]
48.198706666666666,-3.014165,180403.0,50.8264949017,53.1100035471,4.64299100923,[-49.31157422],[-30.68842578]
48.198701666666665,-3.0141633333333333,180404.0,49.6075813287,54.2613478029,4.85685184819,[-48.60802126],[-31.39197874]
48.1987,-3.014161666666667,180405.0,48.8911542201,55.5004952699,5.08702143754,[-47.88927419],[-32.11072581]
48.1987,-3.014161666666667,180406.0,49.5922714579,55.5409963449,5.0163470819,[-47.19041083],[-32.80958917]
