48.19873,-3.014911666666667,144746.0,120,106.388123118,1.55646708953,[-60],[-60]
48.19873,-3.014911666666667,144747.0,120,107.011443639,1.64176046921,[-60],[-60]
48.19873,-3.014911666666667,144748.0,120,106.466105474,1.59080848063,[-60],[-60]
48.19873,-3.014911666666667,144749.0,120,105.798693357,1.53102950408,[-60],[-60]
48.19873,-3.014911666666667,144750.0,120,105.063711417,1.27834706373,[-60],[-60]
48.19873,-3.014911666666667,144751.0,105.054264541,120,0.988179667577,[-60],[-60]
48.19873,-3.014911666666667,144752.0,104.627408395,120,1.13287930743,[-60],[-60]
48.19873,-3.014911666666667,144753.0,105.689115837,120,0.835408566608,[-60],[-60]
48.19873,-3.014911666666667,144754.0,105.193202904,120,0.997813690693,[-60],[-60]
48.19873,-3.014911666666667,144755.0,105.98889501,120,0.810778025404,[-60],[-60]
48.19873,-3.014911666666667,144756.0,107.057007157,120,0.59575438626,[-60],[-60]
48.19873,-3.014911666666667,144757.0,108.760124068,120,0.234264091672,[-60],[-60]
48.19873,-3.014911666666667,144758.0,111.196401205,120,6.03878770151,[-60],[-60]
48.19873,-3.014911666666667,144759.0,111.765677309,120,5.92489749539,[-60],[-60]
48.19873,-3.014911666666667,144800.0,112.058637116,120,5.85711969066,[-60],[-60]
48.19873,-3.014911666666667,144801.0,112.915608637,120,5.71890856788,[-60],[-60]
48.19873,-3.014911666666667,144802.0,112.701801262,120,5.81738716386,[-60],[-60]
48.19873,-3.014911666666667,144803.0,113.5232612,120,5.54794994443,[-60],[-60]
48.19873,-3.014911666666667,144804.0,113.997153069,120,5.39798451487,[-60],[-60]
