0.0,-0.0,10047.8,105.922279405,120,4.44892966285,[-30.00728719],[-49.99271281]
0.0,-0.0,10048.8,105.746734689,120,4.43969164504,[-30.05093076],[-49.94906924]
0.0,-0.0,10049.8,105.686025069,120,4.11996661187,[-30.08643931],[-49.91356069]
0.0,-0.0,10050.8,105.865186942,120,4.48939996264,[-30.10760444],[-49.89239556]
0.0,-0.0,10051.8,106.74911894,120,4.43755345105,[-30.12893513],[-49.87106487]
0.0,-0.0,10052.8,107.1042857,120,4.35527527423,[-30.15014882],[-49.84985118]
0.0,-0.0,10053.8,107.112948479,120,4.52829050912,[-30.17140112],[-49.82859888]
0.0,-0.0,10054.8,120,106.816446734,5.0857608005,[-30.683442],[-49.316558]
0.0,-0.0,10055.8,120,107.197943307,5.30744814789,[-31.3899508],[-48.6100492]
0.0,-0.0,10056.8,120,105.215493964,5.16807805662,[-32.09863809],[-47.90136191]
0.0,-0.0,10057.8,120,105.986678736,5.10001244268,[-32.80619669],[-47.19380331]
0.0,-0.0,10058.8,120,104.384229452,5.09221369434,[-33.51288166],[-46.48711834]
0.0,-0.0,10059.8,104.619271117,120,4.71857581125,[-34.22087353],[-45.77912647]
0.0,-0.0,10100.8,105.728341066,120,4.79825245374,[-34.9267009],[-45.0732991]
0.0,-0.0,10101.8,105.280822393,120,4.58513093965,[-35.6338532],[-44.3661468]
0.0,-0.0,10102.8,106.503048665,120,4.31683406947,[-36.34144315],[-43.65855685]
0.0,-0.0,10103.8,107.049813682,120,4.30846346225,[-37.04812796],[-42.95187204]
0.0,-0.0,10104.8,108.372385482,120,4.07052314359,[-37.7602787],[-42.2397213]
0.0,-0.0,10105.8,106.691927392,120,4.07915744714,[-38.45600752],[-41.54399248]
0.0,-0.0,10106.8,107.290069149,120,4.13600112986,[-39.17022313],[-40.82977687]
0.0,-0.0,10107.8,107.02737728,120,4.03815274103,[-39.8777212],[-40.1222788]
0.0,-0.0,10108.8,106.209129479,120,4.13463305927,[-40.57876912],[-39.42123088]
0.0,-0.0,10109.8,107.817663771,120,4.23177958871,[-41.28305408],[-38.71694592]
0.0,-0.0,10110.8,106.85192813,120,4.28527673021,[-41.99144921],[-38.00855079]
0.0,-0.0,10111.8,107.025175865,120,4.21183274444,[-42.70007766],[-37.29992234]
0.0,-0.0,10112.8,106.790131834,120,4.31547230882,[-43.40488845],[-36.59511155]
0.0,-0.0,10113.8,110.608393154,120,3.63459585266,[-44.11178045],[-35.88821955]
0.0,-0.0,10114.8,106.973511001,120,4.04063694379,[-44.82059098],[-35.17940902]
0.0,-0.0,10115.8,107.215348636,120,4.04224450866,[-45.53136352],[-34.46863648]
0.0,-0.0,10116.8,106.60987756,120,4.4206249243,[-46.23339026],[-33.76660974]
0.0,-0.0,10117.8,105.941416122,120,4.25477977573,[-46.94209913],[-33.05790087]
0.0,-0.0,10118.8,107.164186492,120,4.41045825445,[-47.65707961],[-32.34292039]
0.0,-0.0,10119.8,107.344595552,120,4.27991571836,[-48.35392145],[-31.64607855]
0.0,-0.0,10120.8,108.733954045,120,3.76382306141,[-49.06935088],[-30.93064912]
0.0,-0.0,10121.8,116.210881292,120,2.54126957826,[-49.77444928],[-30.22555072]
0.0,-0.0,10122.8,119.272075637,120,2.07696496961,[-49.99999275],[-30.00000725]
0.0,-0.0,10123.8,120,119.975585087,2.22041794778,[-49.30092186],[-30.69907814]
0.0,-0.0,10124.8,115.815259415,120,2.05152697029,[-48.58949216],[-31.41050784]
0.0,-0.0,10125.8,116.471523171,120,2.44288412441,[-47.88916191],[-32.11083809]
0.0,-0.0,10126.8,115.963380604,120,2.14682219687,[-47.1811601],[-32.8188399]
0.0,-0.0,10127.8,115.65418696,120,2.69325659123,[-46.47528822],[-33.52471178]
0.0,-0.0,10128.8,115.524567213,120,2.30215743805,[-45.76763067],[-34.23236933]
0.0,-0.0,10129.8,116.257287978,120,1.66124380958,[-45.05616826],[-34.94383174]
0.0,-0.0,10130.8,119.67290541,120,1.82253302753,[-44.35276501],[-35.64723499]
0.0,-0.0,10131.8,117.808499737,120,2.24123022699,[-43.64563328],[-36.35436672]
0.0,-0.0,10132.8,115.702226314,120,2.46994571181,[-42.93485922],[-37.06514078]
0.0,-0.0,10133.8,114.505845481,120,2.59938859973,[-42.2307779],[-37.7692221]
0.0,-0.0,10134.8,114.721261623,120,2.68364623709,[-41.52480201],[-38.47519799]
0.0,-0.0,10135.8,114.124643842,120,2.89554885363,[-40.8011128],[-39.1988872]
0.0,-0.0,10136.8,113.286056785,120,3.0242270857,[-40.11101784],[-39.88898216]
0.0,-0.0,10137.8,111.422591486,120,3.35569446234,[-39.4028761],[-40.5971239]
0.0,-0.0,10138.8,110.305802641,120,3.5260350695,[-38.69474464],[-41.30525536]
0.0,-0.0,10139.8,107.365208878,120,4.75879122653,[-37.98884764],[-42.01115236]
0.0,-0.0,10140.8,120,113.291462593,1.69816840907,[-37.26927028],[-42.73072972]
0.0,-0.0,10141.8,120,112.247924876,0.0726922026219,[-36.57363588],[-43.42636412]
0.0,-0.0,10142.8,120,111.628955106,6.20558377008,[-35.85912962],[-44.14087038]
0.0,-0.0,10143.8,120,105.310992435,5.77468118122,[-35.1600884],[-44.8399116]
0.0,-0.0,10144.8,120,105.197184073,5.42902778587,[-34.44733158],[-45.55266842]
0.0,-0.0,10145.8,120,104.774231772,5.45581961242,[-33.72789702],[-46.27210298]
0.0,-0.0,10146.8,120,106.510002582,5.06865685101,[-33.03971333],[-46.96028667]
0.0,-0.0,10147.8,120,106.718921934,4.81845578767,[-32.3311599],[-47.6688401]
0.0,-0.0,10148.8,105.773403702,120,4.56015353478,[-31.62538732],[-48.37461268]
0.0,-0.0,10149.8,107.552986168,120,4.31915805339,[-30.91890785],[-49.08109215]
0.0,-0.0,10150.8,108.491353231,120,4.12561270133,[-30.20973267],[-49.79026733]
0.0,-0.0,10151.8,105.858833034,120,4.54402027832,[-30.00000421],[-49.99999579]
0.0,-0.0,10152.8,107.809901357,120,4.51330089747,[-30.70393548],[-49.29606452]
0.0,-0.0,10153.8,104.536618766,120,4.37547165838,[-31.41081282],[-48.58918718]
0.0,-0.0,10154.8,106.963122748,120,4.88466292273,[-32.12385657],[-47.87614343]
0.0,-0.0,10155.8,120,110.386820225,6.18774158495,[-32.83140168],[-47.16859832]
0.0,-0.0,10156.8,120,113.138233189,0.255832785901,[-33.53814128],[-46.46185872]
0.0,-0.0,10157.8,120,113.797624797,0.284218780063,[-34.24712309],[-45.75287691]
0.0,-0.0,10158.8,120,115.266330014,1.14083633551,[-34.94688519],[-45.05311481]
0.0,-0.0,10159.8,120,115.989545066,0.914244579495,[-35.65362664],[-44.34637336]
0.0,-0.0,10200.8,120,118.122956575,1.11690286521,[-36.36127914],[-43.63872086]
0.0,-0.0,10201.8,120,118.2698874,1.45756525276,[-37.0741238],[-42.9258762]
0.0,-0.0,10202.8,120,117.031608171,1.47409532315,[-37.77438475],[-42.22561525]
0.0,-0.0,10203.8,120,117.962594982,1.37993787821,[-38.48862716],[-41.51137284]
0.0,-0.0,10204.8,120,118.684181733,1.47060383988,[-39.19572197],[-40.80427803]
0.0,-0.0,10205.8,120,117.960100719,1.56858882486,[-39.89547851],[-40.10452149]
0.0,-0.0,10206.8,120,118.586806726,1.29342740938,[-40.60355501],[-39.39644499]
0.0,-0.0,10207.8,120,119.878079193,1.52774959426,[-41.31034737],[-38.68965263]
0.0,-0.0,10208.8,119.171290092,120,1.47887407965,[-42.02075543],[-37.97924457]
0.0,-0.0,10209.8,120,119.424650356,1.43269262675,[-42.72658887],[-37.27341113]
0.0,-0.0,10210.8,120,119.106242661,1.49123436573,[-43.43174341],[-36.56825659]
0.0,-0.0,10211.8,117.449848813,120,2.13665527662,[-44.14763596],[-35.85236404]
0.0,-0.0,10212.8,120,119.479584863,1.72704898759,[-44.8455559],[-35.1544441]
0.0,-0.0,10213.8,120,119.674260305,1.60715075614,[-45.55488231],[-34.44511769]
0.0,-0.0,10214.8,120,119.099102764,1.14430564193,[-46.26044483],[-33.73955517]
0.0,-0.0,10336.8,120,107.307138155,5.36183445687,[-30.00385087],[-49.99614913]
0.0,-0.0,10337.8,120,106.335558176,5.34044866656,[-30.03155636],[-49.96844364]
0.0,-0.0,10338.8,120,107.359349491,5.1472608762,[-30.07310219],[-49.92689781]
0.0,-0.0,10339.8,120,107.361179,5.21589729633,[-30.1097863],[-49.8902137]
0.0,-0.0,10340.8,120,106.898465179,5.38482471692,[-30.13096139],[-49.86903861]
0.0,-0.0,10341.8,120,106.165277168,5.02952062998,[-30.15211826],[-49.84788174]
0.0,-0.0,10342.8,120,107.344189582,5.33378673628,[-30.17321765],[-49.82678235]
0.0,-0.0,10343.8,120,107.150231911,4.68151992929,[-30.19442105],[-49.80557895]
0.0,-0.0,10344.8,120,104.878551202,5.39787035234,[-30.78166118],[-49.21833882]
0.0,-0.0,10345.8,120,104.392326925,5.39246645092,[-31.48474614],[-48.51525386]
0.0,-0.0,10346.8,120,106.357534565,5.32987561845,[-32.19776158],[-47.80223842]
0.0,-0.0,10347.8,120,107.333034676,4.984716446,[-32.89761371],[-47.10238629]
0.0,-0.0,10348.8,120,106.842143918,4.80414580942,[-33.61626552],[-46.38373448]
0.0,-0.0,10349.8,120,104.372829179,5.35329846225,[-34.31441761],[-45.68558239]
0.0,-0.0,10350.8,120,107.421287642,4.80102720969,[-35.02813066],[-44.97186934]
0.0,-0.0,10351.8,120,107.590315587,5.34247375411,[-35.73396477],[-44.26603523]
0.0,-0.0,10352.8,120,107.383141085,5.45062929273,[-36.43557004],[-43.56442996]
0.0,-0.0,10353.8,120,107.656590938,4.88183282857,[-37.13846366],[-42.86153634]
