0.0,0,134204.093,120,109.329077505,4.09480920583,[-8.03455687],[-41.9811508]
0.0,0,134205.093,120,106.915527159,3.92941799669,[-8.09062028],[-41.95057076]
0.0,0,134206.093,120,106.342362012,4.04737363779,[-8.8582437],[-41.53186707]
0.0,0,134207.093,120,109.06955199,4.34635722008,[-9.86421132],[-40.98315746]
0.0,0,134208.093,120,110.615448235,4.11093427352,[-10.85624027],[-40.44205076]
0.0,0,134209.093,120,109.471100384,3.55218915574,[-11.85626864],[-39.89658074]
0.0,0,134210.093,120,108.887010036,4.01918612742,[-12.85624266],[-39.35114037]
0.0,0,134211.093,120,107.53333337,4.28599513211,[-13.8562355],[-38.80568973]
0.0,0,134212.093,120,110.76937748,4.12484530292,[-14.85810971],[-38.25921288]
0.0,0,134213.093,120,109.585021803,3.63695089814,[-15.85623312],[-37.71478193]
0.0,0,134214.093,120,109.791439617,4.00706614126,[-16.85624051],[-37.16932336]
0.0,0,134215.093,120,106.877824951,4.25326038517,[-17.85629678],[-36.62383812]
0.0,0,134216.093,120,107.67427412,3.92523643282,[-18.85633063],[-36.07836511]
0.0,0,134217.093,120,110.949729073,4.22027624057,[-19.85634184],[-35.53290445]
0.0,0,134218.092,120,109.710972473,4.16427732414,[-20.85626435],[-34.98749217]
0.0,0,134219.092,120,109.396765195,3.75004393369,[-21.8543148],[-34.44310102]
0.0,0,134220.092,120,107.072747047,3.74185035739,[-22.85425639],[-33.89767833]
0.0,0,134221.092,120,108.708857035,4.10959293555,[-23.85426617],[-33.35221845]
0.0,0,134222.092,120,110.475939449,4.38973914565,[-24.85432363],[-32.80673257]
0.0,0,134223.092,120,110.305612738,4.20008068232,[-25.8546195],[-32.26111663]
0.0,0,134224.092,120,110.892837461,4.19907710566,[-26.85569572],[-31.71507506]
0.0,0,134225.092,120,107.287398144,3.6256633244,[-27.85423374],[-31.17041796]
0.0,0,134226.092,120,109.911111963,4.07079991515,[-28.86250591],[-30.62045132]
0.0,0,134227.092,120,110.227108346,4.15668467448,[-29.85419893],[-30.07952785]
0.0,0,134228.092,120,110.704660119,4.23355815644,[-30.00002813],[-29.99998465]
0.0,0,134229.092,120,107.620300596,4.34129579374,[-29.00905585],[-33.30314716]
0.0,0,134230.092,120,109.576050247,3.71440082359,[-28.00796676],[-36.64011081]
