0,0,0,64,15,4.52200674798,[0],[0]
0,0,0,64,15,4.13081350951,[0],[0]
0,0,0,64,15,4.40333305652,[0],[0]
0,0,0,64,15,4.46573751855,[0],[0]
0,0,0,64,15,4.14395133628,[0],[0]
0,0,0,64,15,4.35997889135,[0],[0]
0,0,0,64,15,4.51347366487,[0],[0]
0,0,0,64,15,4.44439823453,[0],[0]
0,0,0,64,15,4.38150625977,[0],[0]
0,0,0,64,15,4.52368381589,[0],[0]
0,0,0,64,15,4.50912838515,[0],[0]
0,0,0,64,15,4.48515993231,[0],[0]
0,0,0,64,15,4.53771678138,[0],[0]
0,0,0,64,15,4.4172069759,[0],[0]
0,0,0,64,15,3.93355886704,[0],[0]
0,0,0,64,15,4.15439316527,[0],[0]
0,0,0,64,15,4.46642054523,[0],[0]
0,0,0,64,15,4.52767285628,[0],[0]
0,0,0,64,15,4.4108006797,[0],[0]
0,0,0,64,15,4.46561498705,[0],[0]
0,0,0,64,15,4.45871488425,[0],[0]
0,0,0,64,15,4.45605162051,[0],[0]
0,0,0,64,15,3.84702812608,[0],[0]
0,0,0,64,15,4.13820416941,[0],[0]
0,0,0,64,15,4.49667485917,[0],[0]
0,0,0,64,15,4.4766788469,[0],[0]
0,0,0,64,15,4.43870498196,[0],[0]
0,0,0,64,15,4.4509494574,[0],[0]
0,0,0,64,15,4.45891578831,[0],[0]
0,0,0,64,15,4.42649748748,[0],[0]
0,0,0,64,15,4.44152039568,[0],[0]
0,0,0,64,15,3.83957051933,[0],[0]
0,0,0,64,15,4.06068224516,[0],[0]
0,0,0,64,15,4.42887600696,[0],[0]
0,0,0,64,15,4.4710133151,[0],[0]
0,0,0,64,15,4.45133233229,[0],[0]
0,0,0,64,15,4.46848829025,[0],[0]
0,0,0,64,15,4.44640345575,[0],[0]
0,0,0,64,15,4.44740596609,[0],[0]
0,0,0,64,15,4.35305450638,[0],[0]
0,0,0,64,15,3.97615750992,[0],[0]
0,0,0,64,15,4.44358428841,[0],[0]
0,0,0,64,15,4.47601595679,[0],[0]
0,0,0,64,15,4.42514054881,[0],[0]
0,0,0,64,15,4.4908871809,[0],[0]
0,0,0,64,15,4.46567841736,[0],[0]
0,0,0,64,15,4.42700298525,[0],[0]
0,0,0,64,15,4.37997991489,[0],[0]
0,0,0,64,15,3.92857811724,[0],[0]
0,0,0,64,15,4.12408634684,[0],[0]
0,0,0,64,15,4.49443076645,[0],[0]
0,0,0,64,15,4.50871496422,[0],[0]
0,0,0,64,15,4.4399934732,[0],[0]
0,0,0,64,15,4.45645821618,[0],[0]
0,0,0,64,15,4.43351930434,[0],[0]
0,0,0,64,15,4.43982388379,[0],[0]
0,0,0,64,15,4.44769254315,[0],[0]
0,0,0,64,15,4.32787942209,[0],[0]
0,0,0,64,15,3.89530570355,[0],[0]
0,0,0,64,15,4.06827198171,[0],[0]
0,0,0,64,15,4.50468981815,[0],[0]
0,0,0,64,15,4.45415993716,[0],[0]
0,0,0,64,15,4.42185118263,[0],[0]
0,0,0,64,15,4.41572609814,[0],[0]
0,0,0,64,15,4.46107917892,[0],[0]
0,0,0,64,15,4.5402654742,[0],[0]
0,0,0,64,15,4.51193064298,[0],[0]
0,0,0,64,15,4.41538584794,[0],[0]
0,0,0,64,15,4.34001250545,[0],[0]
0,0,0,64,15,3.91512696685,[0],[0]
0,0,0,64,15,4.2447888228,[0],[0]
0,0,0,64,15,4.5308000665,[0],[0]
0,0,0,64,15,4.47190700089,[0],[0]
0,0,0,64,15,4.53487032046,[0],[0]
0,0,0,64,15,4.47507938998,[0],[0]
0,0,0,64,15,4.46500730094,[0],[0]
0,0,0,64,15,4.43024231614,[0],[0]
0,0,0,64,15,4.42817946559,[0],[0]
0,0,0,64,15,4.29401991206,[0],[0]
0,0,0,64,15,3.82211387826,[0],[0]
0,0,0,64,15,4.15817725128,[0],[0]
0,0,0,64,15,4.49014095173,[0],[0]
0,0,0,64,15,4.06009741139,[0],[0]
0,0,0,64,15,3.99239261505,[0],[0]
0,0,0,64,15,4.14499893362,[0],[0]
0,0,0,64,15,4.51721440522,[0],[0]
0,0,0,64,15,4.49110907439,[0],[0]
0,0,0,64,15,4.45839505483,[0],[0]
0,0,0,64,15,4.45374134739,[0],[0]
0,0,0,64,15,4.42776994592,[0],[0]
0,0,0,64,15,4.43692960214,[0],[0]
0,0,0,64,15,4.48559013233,[0],[0]
0,0,0,64,15,4.29776908591,[0],[0]
0,0,0,64,15,3.90958751092,[0],[0]
0,0,0,64,15,4.04044706052,[0],[0]
0,0,0,64,15,4.46648296049,[0],[0]
0,0,0,64,15,4.44933777386,[0],[0]
0,0,0,64,15,4.48154243394,[0],[0]
0,0,0,64,15,4.42193749937,[0],[0]
0,0,0,64,15,4.38506745298,[0],[0]
0,0,0,64,15,4.5095438832,[0],[0]
0,0,0,64,15,4.29610740189,[0],[0]
0,0,0,64,15,4.34219726394,[0],[0]
0,0,0,64,15,4.48577621346,[0],[0]
0,0,0,64,15,4.37870378379,[0],[0]
0,0,0,64,15,4.44121692173,[0],[0]
0,0,0,64,15,4.51499342053,[0],[0]
0,0,0,64,15,4.51454778777,[0],[0]
0,0,0,64,15,4.47043348574,[0],[0]
0,0,0,64,15,4.52540971047,[0],[0]
0,0,0,64,15,4.51120965481,[0],[0]
0,0,0,64,15,4.42887600696,[0],[0]
0,0,0,64,15,4.45405951863,[0],[0]
0,0,0,64,15,4.42407984213,[0],[0]
0,0,0,64,15,3.94807732206,[0],[0]
0,0,0,64,15,4.00722024346,[0],[0]
0,0,0,64,15,4.25036211551,[0],[0]
0,0,0,64,15,4.49921061709,[0],[0]
0,0,0,64,15,4.4488250968,[0],[0]
0,0,0,64,15,4.54206155765,[0],[0]
0,0,0,64,15,4.50541085027,[0],[0]
0,0,0,64,15,4.45653736799,[0],[0]
0,0,0,64,15,4.48581314749,[0],[0]
0,0,0,64,15,4.52581681026,[0],[0]
0,0,0,64,15,4.08815178548,[0],[0]
0,0,0,64,15,3.93987255208,[0],[0]
0,0,0,64,15,4.45257461054,[0],[0]
0,0,0,64,15,4.51671360232,[0],[0]
0,0,0,64,15,4.46561498705,[0],[0]
0,0,0,64,15,4.50633312897,[0],[0]
0,0,0,64,15,4.50039591732,[0],[0]
0,0,0,64,15,4.47986962267,[0],[0]
0,0,0,64,15,4.44421174109,[0],[0]
0,0,0,64,15,4.03468068782,[0],[0]
0,0,0,64,15,4.29296031578,[0],[0]
0,0,0,64,15,4.53216832849,[0],[0]
0,0,0,64,15,4.4731905997,[0],[0]
0,0,0,64,15,4.54165376891,[0],[0]
0,0,0,64,15,4.48667238299,[0],[0]
0,0,0,64,15,4.53823153768,[0],[0]
0,0,0,64,15,4.4518824935,[0],[0]
0,0,0,64,15,4.41572609814,[0],[0]
0,0,0,64,15,4.47986962267,[0],[0]
0,0,0,64,15,3.88099154224,[0],[0]
0,0,0,64,15,4.23758941736,[0],[0]
0,0,0,64,15,4.46093239901,[0],[0]
0,0,0,64,15,4.51735051694,[0],[0]
0,0,0,64,15,4.52587500706,[0],[0]
0,0,0,64,15,4.46169609374,[0],[0]
0,0,0,64,15,4.42520154435,[0],[0]
0,0,0,64,15,4.40563730114,[0],[0]
0,0,0,64,15,4.10344517157,[0],[0]
0,0,0,64,15,4.2055341407,[0],[0]
0,0,0,64,15,4.416448942,[0],[0]
0,0,0,64,15,4.42417663778,[0],[0]
0,0,0,64,15,4.45133233229,[0],[0]
0,0,0,64,15,4.42458427301,[0],[0]
0,0,0,64,15,4.43711655734,[0],[0]
0,0,0,64,15,4.35982316089,[0],[0]
0,0,0,64,15,4.35163382778,[0],[0]
0,0,0,64,15,3.87733287946,[0],[0]
0,0,0,64,15,4.27234090404,[0],[0]
0,0,0,64,15,4.51446150569,[0],[0]
0,0,0,64,15,4.49150601599,[0],[0]
0,0,0,64,15,4.46513980543,[0],[0]
0,0,0,64,15,4.47713273327,[0],[0]
0,0,0,64,15,4.50017968942,[0],[0]
0,0,0,64,15,4.41490550597,[0],[0]
0,0,0,64,15,4.42947180752,[0],[0]
0,0,0,64,15,3.85716404916,[0],[0]
0,0,0,64,15,4.11093427352,[0],[0]
0,0,0,64,15,4.43126023923,[0],[0]
0,0,0,64,15,4.53426673469,[0],[0]
0,0,0,64,15,4.47864579952,[0],[0]
0,0,0,64,15,4.41291886102,[0],[0]
0,0,0,64,15,4.4165825571,[0],[0]
0,0,0,64,15,4.43844885365,[0],[0]
0,0,0,64,15,4.42915691446,[0],[0]
0,0,0,64,15,4.36544123964,[0],[0]
0,0,0,64,15,4.45788007279,[0],[0]
0,0,0,64,15,4.43189939854,[0],[0]
0,0,0,64,15,4.06277255298,[0],[0]
0,0,0,64,15,3.98854623503,[0],[0]
0,0,0,64,15,4.21983009906,[0],[0]
0,0,0,64,15,4.52562566209,[0],[0]
0,0,0,64,15,4.50832685263,[0],[0]
0,0,0,64,15,4.47057820529,[0],[0]
0,0,0,64,15,4.41358232494,[0],[0]
0,0,0,64,15,4.42911621736,[0],[0]
0,0,0,64,15,4.45714061365,[0],[0]
0,0,0,64,15,4.46014652249,[0],[0]
0,0,0,64,15,4.56711498632,[0],[0]
0,0,0,64,15,4.52087224758,[0],[0]
0,0,0,64,15,4.43990648226,[0],[0]
0,0,0,64,15,4.41732417732,[0],[0]
0,0,0,64,15,4.46332567603,[0],[0]
0,0,0,64,15,4.30788720968,[0],[0]
0,0,0,64,15,4.16777174358,[0],[0]
0,0,0,64,15,4.44529518059,[0],[0]
0,0,0,64,15,4.52810914271,[0],[0]
0,0,0,64,15,4.34258995066,[0],[0]
0,0,0,64,15,4.33720319154,[0],[0]
0,0,0,64,15,4.44121692173,[0],[0]
0,0,0,64,15,4.39772422414,[0],[0]
0,0,0,64,15,4.40426951936,[0],[0]
0,0,0,64,15,4.45457554949,[0],[0]
0,0,0,64,15,4.49075915801,[0],[0]
0,0,0,64,15,4.03870938355,[0],[0]
0,0,0,64,15,4.04814774129,[0],[0]
0,0,0,64,15,4.32422791632,[0],[0]
0,0,0,64,15,4.50625524862,[0],[0]
0,0,0,64,15,4.4663740482,[0],[0]
0,0,0,64,15,4.52662695174,[0],[0]
0,0,0,64,15,4.48329272618,[0],[0]
0,0,0,64,15,4.46845017823,[0],[0]
0,0,0,64,15,4.45988087905,[0],[0]
0,0,0,64,15,4.42469523435,[0],[0]
0,0,0,64,15,3.98543482181,[0],[0]
0,0,0,64,15,4.27312678056,[0],[0]
0,0,0,64,15,4.3687839825,[0],[0]
0,0,0,64,15,4.49448631789,[0],[0]
0,0,0,64,15,4.47339826964,[0],[0]
0,0,0,64,15,4.45634628953,[0],[0]
0,0,0,64,15,4.49759899101,[0],[0]
0,0,0,64,15,4.44613693123,[0],[0]
0,0,0,64,15,4.4410321932,[0],[0]
0,0,0,64,15,4.44640345575,[0],[0]
0,0,0,64,15,4.48442190856,[0],[0]
0,0,0,64,15,4.13075094833,[0],[0]
0,0,0,64,15,4.06694288933,[0],[0]
0,0,0,64,15,3.93707450881,[0],[0]
0,0,0,64,15,4.37929510799,[0],[0]
0,0,0,64,15,4.45834523266,[0],[0]
0,0,0,64,15,4.45841955053,[0],[0]
0,0,0,64,15,4.45607449229,[0],[0]
0,0,0,64,15,4.54314689939,[0],[0]
0,0,0,64,15,4.49909370042,[0],[0]
0,0,0,64,15,4.40103502681,[0],[0]
0,0,0,64,15,4.44152039568,[0],[0]
0,0,0,64,15,4.50670631743,[0],[0]
0,0,0,64,15,4.44560231487,[0],[0]
0,0,0,64,15,4.40184243894,[0],[0]
0,0,0,64,15,4.43429097494,[0],[0]
0,0,0,64,15,3.92401019988,[0],[0]
0,0,0,64,15,4.01986015707,[0],[0]
0,0,0,64,15,4.30971039595,[0],[0]
0,0,0,64,15,4.53771678138,[0],[0]
0,0,0,64,15,4.49387371516,[0],[0]
0,0,0,64,15,4.43618097073,[0],[0]
0,0,0,64,15,4.58365956055,[0],[0]
0,0,0,64,15,4.50812461042,[0],[0]
0,0,0,64,15,4.48714223751,[0],[0]
0,0,0,64,15,4.39746093222,[0],[0]
0,0,0,64,15,3.97166306388,[0],[0]
0,0,0,64,15,4.21390292599,[0],[0]
0,0,0,64,15,4.44405847229,[0],[0]
0,0,0,64,15,4.41892442525,[0],[0]
0,0,0,64,15,4.42158297327,[0],[0]
0,0,0,64,15,4.51379366106,[0],[0]
0,0,0,64,15,4.45978796034,[0],[0]
0,0,0,64,15,4.44120446864,[0],[0]
0,0,0,64,15,4.11840263974,[0],[0]
0,0,0,64,15,4.480503471,[0],[0]
0,0,0,64,15,4.44535241257,[0],[0]
0,0,0,64,15,4.44977990237,[0],[0]
0,0,0,64,15,4.07597995127,[0],[0]
0,0,0,64,15,4.07680327356,[0],[0]
0,0,0,64,15,4.52906906746,[0],[0]
0,0,0,64,15,4.51671360232,[0],[0]
0,0,0,64,15,4.50912838515,[0],[0]
0,0,0,64,15,4.480503471,[0],[0]
0,0,0,64,15,4.43626883051,[0],[0]
0,0,0,64,15,4.4571451911,[0],[0]
0,0,0,64,15,4.48205735833,[0],[0]
0,0,0,64,15,4.43847424596,[0],[0]
0,0,0,64,15,3.96420766707,[0],[0]
0,0,0,64,15,4.07480191938,[0],[0]
0,0,0,64,15,4.30856102349,[0],[0]
0,0,0,64,15,4.43755233463,[0],[0]
0,0,0,64,15,4.45914009949,[0],[0]
0,0,0,64,15,4.48871442478,[0],[0]
0,0,0,64,15,4.43880530036,[0],[0]
0,0,0,64,15,4.46268823103,[0],[0]
0,0,0,64,15,4.41271395611,[0],[0]
0,0,0,64,15,4.48138289409,[0],[0]
0,0,0,64,15,4.05613810712,[0],[0]
0,0,0,64,15,4.02628723797,[0],[0]
0,0,0,64,15,4.334703832,[0],[0]
0,0,0,64,15,4.42719576022,[0],[0]
0,0,0,64,15,4.48559013233,[0],[0]
0,0,0,64,15,4.51499342053,[0],[0]
0,0,0,64,15,4.47332740796,[0],[0]
0,0,0,64,15,4.46332567603,[0],[0]
0,0,0,64,15,4.46511448659,[0],[0]
0,0,0,64,15,4.11469884352,[0],[0]
0,0,0,64,15,4.48671575095,[0],[0]
0,0,0,64,15,4.47657192044,[0],[0]
0,0,0,64,15,4.46628122478,[0],[0]
0,0,0,64,15,4.26000663372,[0],[0]
0,0,0,64,15,4.43886961731,[0],[0]
0,0,0,64,15,4.46149322655,[0],[0]
0,0,0,64,15,4.47000578789,[0],[0]
0,0,0,64,15,4.48514280514,[0],[0]
0,0,0,64,15,4.38960961977,[0],[0]
0,0,0,64,15,3.89550516252,[0],[0]
0,0,0,64,15,3.97621211211,[0],[0]
0,0,0,64,15,4.40733003942,[0],[0]
0,0,0,64,15,4.50006119712,[0],[0]
0,0,0,64,15,4.41853816147,[0],[0]
0,0,0,64,15,4.50606508635,[0],[0]
0,0,0,64,15,4.47808344895,[0],[0]
0,0,0,64,15,4.52658710396,[0],[0]
0,0,0,64,15,4.52170097785,[0],[0]
0,0,0,64,15,4.34847742294,[0],[0]
0,0,0,64,15,4.12170336296,[0],[0]
0,0,0,64,15,3.98374797481,[0],[0]
0,0,0,64,15,4.45020838578,[0],[0]
0,0,0,64,15,4.40941556158,[0],[0]
0,0,0,64,15,4.52053353006,[0],[0]
0,0,0,64,15,4.49247470514,[0],[0]
0,0,0,64,15,4.41853816147,[0],[0]
0,0,0,64,15,4.44697351776,[0],[0]
0,0,0,64,15,4.43081779543,[0],[0]
0,0,0,64,15,4.03447478882,[0],[0]
0,0,0,64,15,3.87053595662,[0],[0]
0,0,0,64,15,4.37860117421,[0],[0]
0,0,0,64,15,4.49205915728,[0],[0]
0,0,0,64,15,4.41694814324,[0],[0]
0,0,0,64,15,4.40011681512,[0],[0]
0,0,0,64,15,4.42783057007,[0],[0]
0,0,0,64,15,4.54125808192,[0],[0]
0,0,0,64,15,4.39425177973,[0],[0]
0,0,0,64,15,4.48754182539,[0],[0]
0,0,0,64,15,3.9253016294,[0],[0]
0,0,0,64,15,4.04391025725,[0],[0]
0,0,0,64,15,4.42864600376,[0],[0]
0,0,0,64,15,4.43503432204,[0],[0]
0,0,0,64,15,4.5013965248,[0],[0]
0,0,0,64,15,4.42447966807,[0],[0]
0,0,0,64,15,4.42865813429,[0],[0]
0,0,0,64,15,4.38133636871,[0],[0]
0,0,0,64,15,4.40643636811,[0],[0]
0,0,0,64,15,4.28996128573,[0],[0]
0,0,0,64,15,3.88177279208,[0],[0]
0,0,0,64,15,4.05974113668,[0],[0]
0,0,0,64,15,4.47876300533,[0],[0]
0,0,0,64,15,4.45447849711,[0],[0]
0,0,0,64,15,4.48738586553,[0],[0]
0,0,0,64,15,4.48038749122,[0],[0]
0,0,0,64,15,4.48824752591,[0],[0]
0,0,0,64,15,4.42853913914,[0],[0]
0,0,0,64,15,4.0812668816,[0],[0]
0,0,0,64,15,4.02351794542,[0],[0]
0,0,0,64,15,4.23187851021,[0],[0]
0,0,0,64,15,4.46847527958,[0],[0]
0,0,0,64,15,4.42493869363,[0],[0]
0,0,0,64,15,4.45821125818,[0],[0]
0,0,0,64,15,4.47611786451,[0],[0]
0,0,0,64,15,4.41928671245,[0],[0]
0,0,0,64,15,4.49254573544,[0],[0]
0,0,0,64,15,4.33333229782,[0],[0]
0,0,0,64,15,4.37771209151,[0],[0]
0,0,0,64,15,3.93197416444,[0],[0]
0,0,0,64,15,4.09323869704,[0],[0]
0,0,0,64,15,4.20417837681,[0],[0]
0,0,0,64,15,4.427345095,[0],[0]
0,0,0,64,15,4.50466676525,[0],[0]
0,0,0,64,15,4.53241510019,[0],[0]
0,0,0,64,15,4.43257187186,[0],[0]
0,0,0,64,15,4.43641539035,[0],[0]
0,0,0,64,15,4.11712628277,[0],[0]
0,0,0,64,15,3.84588081247,[0],[0]
0,0,0,64,15,4.35782192851,[0],[0]
0,0,0,64,15,4.25439102879,[0],[0]
0,0,0,64,15,4.4862013792,[0],[0]
0,0,0,64,15,4.42719576022,[0],[0]
0,0,0,64,15,4.47191663661,[0],[0]
0,0,0,64,15,4.41747095067,[0],[0]
0,0,0,64,15,4.39371849838,[0],[0]
0,0,0,64,15,4.4250726315,[0],[0]
0,0,0,64,15,3.91158107793,[0],[0]
0,0,0,64,15,4.09613095804,[0],[0]
0,0,0,64,15,4.47065588826,[0],[0]
0,0,0,64,15,4.43568131458,[0],[0]
0,0,0,64,15,4.42682172197,[0],[0]
0,0,0,64,15,4.45917843735,[0],[0]
0,0,0,64,15,4.45848544752,[0],[0]
0,0,0,64,15,4.4115777735,[0],[0]
0,0,0,64,15,4.3538075965,[0],[0]
0,0,0,64,15,3.93954902647,[0],[0]
0,0,0,64,15,4.44526331468,[0],[0]
0,0,0,64,15,4.54895809269,[0],[0]
0,0,0,64,15,3.95918308148,[0],[0]
0,0,0,64,15,4.40676605983,[0],[0]
0,0,0,64,15,4.46850162275,[0],[0]
0,0,0,64,15,4.35753185148,[0],[0]
0,0,0,64,15,4.4488250968,[0],[0]
0,0,0,64,15,4.46994195742,[0],[0]
0,0,0,64,15,4.48086894439,[0],[0]
0,0,0,64,15,4.53522674668,[0],[0]
0,0,0,64,15,4.45012627177,[0],[0]
0,0,0,64,15,4.43755233463,[0],[0]
0,0,0,64,15,4.37080804041,[0],[0]
0,0,0,64,15,4.05695942952,[0],[0]
0,0,0,64,15,4.06429075904,[0],[0]
0,0,0,64,15,4.50581441267,[0],[0]
0,0,0,64,15,4.53266546889,[0],[0]
0,0,0,64,15,4.43554130128,[0],[0]
0,0,0,64,15,4.44934204846,[0],[0]
0,0,0,64,15,4.51104310248,[0],[0]
0,0,0,64,15,4.42438473399,[0],[0]
0,0,0,64,15,4.38540743621,[0],[0]
0,0,0,64,15,4.00213547224,[0],[0]
0,0,0,64,15,4.28595543605,[0],[0]
0,0,0,64,15,4.49529664206,[0],[0]
0,0,0,64,15,4.51776196274,[0],[0]
0,0,0,64,15,4.4150026204,[0],[0]
0,0,0,64,15,4.49205915728,[0],[0]
0,0,0,64,15,4.44308816019,[0],[0]
0,0,0,64,15,4.42711225187,[0],[0]
0,0,0,64,15,4.35550025828,[0],[0]
0,0,0,64,15,4.10938924528,[0],[0]
0,0,0,64,15,4.01750191681,[0],[0]
0,0,0,64,15,4.16132686642,[0],[0]
0,0,0,64,15,3.88892973645,[0],[0]
0,0,0,64,15,4.4375444813,[0],[0]
0,0,0,64,15,4.51554529686,[0],[0]
0,0,0,64,15,4.46394746076,[0],[0]
0,0,0,64,15,4.46361330409,[0],[0]
0,0,0,64,15,4.41331698296,[0],[0]
0,0,0,64,15,4.44740596609,[0],[0]
0,0,0,64,15,4.42349512316,[0],[0]
0,0,0,64,15,4.44691696228,[0],[0]
0,0,0,64,15,4.06915503696,[0],[0]
0,0,0,64,15,4.16444188854,[0],[0]
0,0,0,64,15,4.47050415407,[0],[0]
0,0,0,64,15,4.44434021859,[0],[0]
0,0,0,64,15,4.42369861278,[0],[0]
0,0,0,64,15,4.45645821618,[0],[0]
0,0,0,64,15,4.43000929739,[0],[0]
0,0,0,64,15,4.46559279836,[0],[0]
0,0,0,64,15,4.49616103861,[0],[0]
0,0,0,64,15,4.44838805299,[0],[0]
0,0,0,64,15,4.46559279836,[0],[0]
0,0,0,64,15,4.48291574602,[0],[0]
0,0,0,64,15,4.03593277398,[0],[0]
0,0,0,64,15,4.0190642418,[0],[0]
0,0,0,64,15,4.15946524714,[0],[0]
0,0,0,64,15,4.30580572075,[0],[0]
0,0,0,64,15,4.42762516068,[0],[0]
0,0,0,64,15,4.40506050292,[0],[0]
0,0,0,64,15,4.38768567866,[0],[0]
0,0,0,64,15,4.4982070847,[0],[0]
0,0,0,64,15,4.42633753867,[0],[0]
0,0,0,64,15,4.30791560412,[0],[0]
0,0,0,64,15,4.33103634113,[0],[0]
0,0,0,64,15,3.91340930916,[0],[0]
0,0,0,64,15,4.16829602725,[0],[0]
0,0,0,64,15,4.44430585065,[0],[0]
0,0,0,64,15,4.45207081412,[0],[0]
0,0,0,64,15,4.39063842599,[0],[0]
0,0,0,64,15,4.48580463254,[0],[0]
0,0,0,64,15,4.43518846361,[0],[0]
0,0,0,64,15,4.44054891063,[0],[0]
0,0,0,64,15,4.34411527899,[0],[0]
0,0,0,64,15,4.17297907089,[0],[0]
0,0,0,64,15,3.95625075657,[0],[0]
0,0,0,64,15,4.20721401293,[0],[0]
0,0,0,64,15,4.43272824892,[0],[0]
0,0,0,64,15,4.43826507758,[0],[0]
0,0,0,64,15,4.47995241898,[0],[0]
0,0,0,64,15,4.41291886102,[0],[0]
0,0,0,64,15,4.44392127755,[0],[0]
0,0,0,64,15,4.43304307778,[0],[0]
0,0,0,64,15,4.41377797887,[0],[0]
0,0,0,64,15,4.43074037208,[0],[0]
0,0,0,64,15,4.35513422608,[0],[0]
0,0,0,64,15,3.99945897251,[0],[0]
0,0,0,64,15,4.23304152446,[0],[0]
0,0,0,64,15,4.50646120438,[0],[0]
0,0,0,64,15,4.46701490407,[0],[0]
0,0,0,64,15,4.48089031648,[0],[0]
0,0,0,64,15,4.46775384181,[0],[0]
0,0,0,64,15,4.48948874806,[0],[0]
0,0,0,64,15,4.43388068379,[0],[0]
0,0,0,64,15,4.45589388006,[0],[0]
0,0,0,64,15,4.50791389279,[0],[0]
0,0,0,64,15,4.38795026042,[0],[0]
0,0,0,64,15,4.24310586436,[0],[0]
0,0,0,64,15,4.4592003211,[0],[0]
0,0,0,64,15,4.47131793502,[0],[0]
0,0,0,64,15,4.25728817182,[0],[0]
0,0,0,64,15,4.48708330528,[0],[0]
0,0,0,64,15,4.35644833419,[0],[0]
0,0,0,64,15,4.36322120391,[0],[0]
0,0,0,64,15,4.47878597333,[0],[0]
0,0,0,64,15,3.96803917496,[0],[0]
0,0,0,64,15,4.08847554848,[0],[0]
0,0,0,64,15,4.41874005531,[0],[0]
0,0,0,64,15,4.483590135,[0],[0]
0,0,0,64,15,4.4877173361,[0],[0]
0,0,0,64,15,4.48138289409,[0],[0]
0,0,0,64,15,4.49603306046,[0],[0]
0,0,0,64,15,4.36126212251,[0],[0]
0,0,0,64,15,4.03593277398,[0],[0]
0,0,0,64,15,4.48517579633,[0],[0]
0,0,0,64,15,4.48073375159,[0],[0]
0,0,0,64,15,4.45594053871,[0],[0]
0,0,0,64,15,4.47077982903,[0],[0]
0,0,0,64,15,4.38482453801,[0],[0]
0,0,0,64,15,4.43509475036,[0],[0]
0,0,0,64,15,4.39063842599,[0],[0]
0,0,0,64,15,3.94717441116,[0],[0]
0,0,0,64,15,4.31831324125,[0],[0]
0,0,0,64,15,4.45901279884,[0],[0]
0,0,0,64,15,4.43693399415,[0],[0]
0,0,0,64,15,4.42160197817,[0],[0]
0,0,0,64,15,4.41846233767,[0],[0]
0,0,0,64,15,4.48023457085,[0],[0]
0,0,0,64,15,4.37403838843,[0],[0]
0,0,0,64,15,4.09298839063,[0],[0]
0,0,0,64,15,4.25486260823,[0],[0]
0,0,0,64,15,4.4393802773,[0],[0]
0,0,0,64,15,4.46924652526,[0],[0]
0,0,0,64,15,4.43157724937,[0],[0]
0,0,0,64,15,4.48536368306,[0],[0]
0,0,0,64,15,4.47581913352,[0],[0]
0,0,0,64,15,4.15125599931,[0],[0]
0,0,0,64,15,4.27604010079,[0],[0]
0,0,0,64,15,4.43970615172,[0],[0]
0,0,0,64,15,4.49156021066,[0],[0]
0,0,0,64,15,4.41729877436,[0],[0]
0,0,0,64,15,4.45627171936,[0],[0]
0,0,0,64,15,4.33217837375,[0],[0]
0,0,0,64,15,4.12002996875,[0],[0]
0,0,0,64,15,4.22432543532,[0],[0]
0,0,0,64,15,4.32081641975,[0],[0]
0,0,0,64,15,4.51914924077,[0],[0]
0,0,0,64,15,4.45205840162,[0],[0]
0,0,0,64,15,4.49580972766,[0],[0]
0,0,0,64,15,4.48538057659,[0],[0]
0,0,0,64,15,4.43428675474,[0],[0]
0,0,0,64,15,4.39345796739,[0],[0]
0,0,0,64,15,4.47485434849,[0],[0]
0,0,0,64,15,4.37618595445,[0],[0]
0,0,0,64,15,3.98267643047,[0],[0]
0,0,0,64,15,4.40497133987,[0],[0]
0,0,0,64,15,4.42843554248,[0],[0]
0,0,0,64,15,4.50162035762,[0],[0]
0,0,0,64,15,4.46630940027,[0],[0]
0,0,0,64,15,4.43275573482,[0],[0]
0,0,0,64,15,4.47312454078,[0],[0]
0,0,0,64,15,4.48708330528,[0],[0]
0,0,0,64,15,4.45169383286,[0],[0]
0,0,0,64,15,4.37648842705,[0],[0]
0,0,0,64,15,3.80487420706,[0],[0]
0,0,0,64,15,4.49241322532,[0],[0]
0,0,0,64,15,4.48671575095,[0],[0]
0,0,0,64,15,4.52695184819,[0],[0]
0,0,0,64,15,4.51978571612,[0],[0]
0,0,0,64,15,4.4997918889,[0],[0]
0,0,0,64,15,4.48362511226,[0],[0]
0,0,0,64,15,4.4807045394,[0],[0]
0,0,0,64,15,4.17444472258,[0],[0]
0,0,0,64,15,4.15152479825,[0],[0]
0,0,0,64,15,4.35316616244,[0],[0]
0,0,0,64,15,4.49714702589,[0],[0]
0,0,0,64,15,4.38965995272,[0],[0]
0,0,0,64,15,4.54983036075,[0],[0]
0,0,0,64,15,4.47400515396,[0],[0]
0,0,0,64,15,4.42348628709,[0],[0]
0,0,0,64,15,4.37285004029,[0],[0]
0,0,0,64,15,4.30945490499,[0],[0]
0,0,0,64,15,3.94682292725,[0],[0]
0,0,0,64,15,4.12738937081,[0],[0]
0,0,0,64,15,4.48259493362,[0],[0]
0,0,0,64,15,4.47370788067,[0],[0]
0,0,0,64,15,4.461199217,[0],[0]
0,0,0,64,15,4.50237060033,[0],[0]
0,0,0,64,15,4.41358232494,[0],[0]
0,0,0,64,15,4.42048031066,[0],[0]
0,0,0,64,15,4.44317470835,[0],[0]
0,0,0,64,15,4.36053803089,[0],[0]
0,0,0,64,15,3.84446083197,[0],[0]
0,0,0,64,15,4.48857314322,[0],[0]
0,0,0,64,15,4.06764871485,[0],[0]
0,0,0,64,15,4.38736332853,[0],[0]
0,0,0,64,15,4.48748247658,[0],[0]
0,0,0,64,15,4.4892288149,[0],[0]
0,0,0,64,15,3.96095832967,[0],[0]
0,0,0,64,15,4.35014673627,[0],[0]
0,0,0,64,15,4.40643178204,[0],[0]
0,0,0,64,15,4.0342419203,[0],[0]
0,0,0,64,15,4.06222589802,[0],[0]
0,0,0,64,15,4.44933777386,[0],[0]
0,0,0,64,15,4.29779190194,[0],[0]
0,0,0,64,15,4.42756321601,[0],[0]
0,0,0,64,15,4.47837556577,[0],[0]
0,0,0,64,15,4.45923998397,[0],[0]
0,0,0,64,15,4.42460593867,[0],[0]
0,0,0,64,15,4.4231007527,[0],[0]
0,0,0,64,15,4.40658454143,[0],[0]
0,0,0,64,15,4.36660459303,[0],[0]
0,0,0,64,15,4.37012848185,[0],[0]
0,0,0,64,15,3.97810138075,[0],[0]
0,0,0,64,15,3.90089559995,[0],[0]
0,0,0,64,15,4.53553847457,[0],[0]
0,0,0,64,15,4.40787809718,[0],[0]
0,0,0,64,15,4.43348264805,[0],[0]
0,0,0,64,15,4.49075915801,[0],[0]
0,0,0,64,15,4.48155518449,[0],[0]
0,0,0,64,15,4.37367492608,[0],[0]
0,0,0,64,15,3.88022307192,[0],[0]
0,0,0,64,15,4.42864949509,[0],[0]
0,0,0,64,15,4.4505168018,[0],[0]
0,0,0,64,15,4.44694425076,[0],[0]
0,0,0,64,15,4.46705758359,[0],[0]
0,0,0,64,15,4.44640345575,[0],[0]
0,0,0,64,15,4.47332740796,[0],[0]
0,0,0,64,15,4.34673160988,[0],[0]
0,0,0,64,15,4.0653207048,[0],[0]
0,0,0,64,15,4.4295030391,[0],[0]
0,0,0,64,15,4.53493537494,[0],[0]
0,0,0,64,15,4.41979682623,[0],[0]
0,0,0,64,15,4.39243860406,[0],[0]
0,0,0,64,15,4.43009162709,[0],[0]
0,0,0,64,15,4.48581314749,[0],[0]
0,0,0,64,15,4.39465044057,[0],[0]
0,0,0,64,15,4.40998428099,[0],[0]
0,0,0,64,15,4.42633753867,[0],[0]
0,0,0,64,15,4.06282733973,[0],[0]
0,0,0,64,15,4.48600810514,[0],[0]
0,0,0,64,15,4.46559279836,[0],[0]
0,0,0,64,15,4.47622221466,[0],[0]
0,0,0,64,15,4.4613497854,[0],[0]
0,0,0,64,15,4.4644173099,[0],[0]
0,0,0,64,15,4.43927261149,[0],[0]
0,0,0,64,15,4.45653736799,[0],[0]
0,0,0,64,15,4.07230082762,[0],[0]
0,0,0,64,15,4.0892214986,[0],[0]
0,0,0,64,15,4.29667510578,[0],[0]
0,0,0,64,15,4.4926091002,[0],[0]
0,0,0,64,15,4.47057820529,[0],[0]
0,0,0,64,15,4.48405773423,[0],[0]
0,0,0,64,15,4.49388218791,[0],[0]
0,0,0,64,15,4.45903774261,[0],[0]
0,0,0,64,15,4.14996477932,[0],[0]
0,0,0,64,15,3.93373607725,[0],[0]
0,0,0,64,15,4.27440887027,[0],[0]
0,0,0,64,15,4.39234636626,[0],[0]
0,0,0,64,15,4.35836094099,[0],[0]
0,0,0,64,15,4.51715207881,[0],[0]
0,0,0,64,15,4.45750288605,[0],[0]
0,0,0,64,15,4.49172892059,[0],[0]
0,0,0,64,15,4.51382995393,[0],[0]
0,0,0,64,15,3.97615750992,[0],[0]
0,0,0,64,15,4.23834218414,[0],[0]
0,0,0,64,15,4.57282928031,[0],[0]
0,0,0,64,15,4.46991120522,[0],[0]
0,0,0,64,15,4.48780105068,[0],[0]
0,0,0,64,15,4.48667238299,[0],[0]
0,0,0,64,15,4.49325771369,[0],[0]
0,0,0,64,15,4.45390230621,[0],[0]
0,0,0,64,15,4.42020995579,[0],[0]
0,0,0,64,15,4.14357860041,[0],[0]
0,0,0,64,15,4.09523258692,[0],[0]
0,0,0,64,15,4.19486936182,[0],[0]
0,0,0,64,15,4.50851052919,[0],[0]
0,0,0,64,15,4.40328454494,[0],[0]
0,0,0,64,15,4.48857314322,[0],[0]
0,0,0,64,15,4.48355388998,[0],[0]
0,0,0,64,15,4.48431108805,[0],[0]
0,0,0,64,15,4.50791389279,[0],[0]
0,0,0,64,15,4.4908871809,[0],[0]
0,0,0,64,15,4.52381672097,[0],[0]
0,0,0,64,15,4.17329339814,[0],[0]
0,0,0,64,15,3.95777287979,[0],[0]
0,0,0,64,15,4.49515662749,[0],[0]
0,0,0,64,15,4.44853213623,[0],[0]
0,0,0,64,15,4.46482634368,[0],[0]
0,0,0,64,15,4.49295842004,[0],[0]
0,0,0,64,15,4.42755070965,[0],[0]
0,0,0,64,15,4.54314689939,[0],[0]
0,0,0,64,15,4.0534976079,[0],[0]
0,0,0,64,15,4.50076794273,[0],[0]
0,0,0,64,15,4.44587293969,[0],[0]
0,0,0,64,15,4.16286753867,[0],[0]
0,0,0,64,15,4.44317038114,[0],[0]
0,0,0,64,15,4.45841955053,[0],[0]
0,0,0,64,15,4.42876707713,[0],[0]
0,0,0,64,15,4.52175007447,[0],[0]
0,0,0,64,15,4.4393802773,[0],[0]
0,0,0,64,15,4.41378656127,[0],[0]
0,0,0,64,15,4.44812896047,[0],[0]
0,0,0,64,15,4.47354520962,[0],[0]
0,0,0,64,15,4.4359741359,[0],[0]
0,0,0,64,15,4.50372462116,[0],[0]
0,0,0,64,15,3.99141765641,[0],[0]
0,0,0,64,15,4.540760912,[0],[0]
0,0,0,64,15,4.50001118981,[0],[0]
0,0,0,64,15,4.4410321932,[0],[0]
0,0,0,64,15,4.48495237732,[0],[0]
0,0,0,64,15,4.41793860967,[0],[0]
0,0,0,64,15,4.55343601056,[0],[0]
0,0,0,64,15,4.53842663041,[0],[0]
0,0,0,64,15,4.38976276947,[0],[0]
0,0,0,64,15,3.98705593496,[0],[0]
0,0,0,64,15,4.46338432476,[0],[0]
0,0,0,64,15,4.52164386662,[0],[0]
0,0,0,64,15,4.51439533448,[0],[0]
0,0,0,64,15,4.50930196235,[0],[0]
0,0,0,64,15,4.50237060033,[0],[0]
0,0,0,64,15,4.58710027929,[0],[0]
0,0,0,64,15,4.49599633946,[0],[0]
0,0,0,64,15,4.3762509296,[0],[0]
0,0,0,64,15,3.97878392002,[0],[0]
0,0,0,64,15,4.43667418552,[0],[0]
0,0,0,64,15,4.49196928029,[0],[0]
0,0,0,64,15,4.47733809789,[0],[0]
0,0,0,64,15,4.51554529686,[0],[0]
0,0,0,64,15,4.51065740435,[0],[0]
0,0,0,64,15,4.51742502668,[0],[0]
0,0,0,64,15,4.47362141751,[0],[0]
0,0,0,64,15,4.4102612415,[0],[0]
0,0,0,64,15,4.05050846612,[0],[0]
0,0,0,64,15,4.51845190477,[0],[0]
0,0,0,64,15,4.48205735833,[0],[0]
0,0,0,64,15,4.49287041704,[0],[0]
0,0,0,64,15,4.53074015038,[0],[0]
0,0,0,64,15,4.5355129282,[0],[0]
0,0,0,64,15,4.41029881383,[0],[0]
0,0,0,64,15,4.41682514201,[0],[0]
0,0,0,64,15,3.8767817947,[0],[0]
0,0,0,64,15,4.2790351313,[0],[0]
0,0,0,64,15,4.59171828175,[0],[0]
0,0,0,64,15,4.54328775438,[0],[0]
0,0,0,64,15,4.44073574919,[0],[0]
0,0,0,64,15,4.53552675792,[0],[0]
0,0,0,64,15,4.55306449642,[0],[0]
0,0,0,64,15,4.18200738388,[0],[0]
0,0,0,64,15,4.3356411529,[0],[0]
0,0,0,64,15,4.52223967051,[0],[0]
0,0,0,64,15,4.52695184819,[0],[0]
0,0,0,64,15,4.43582042179,[0],[0]
0,0,0,64,15,4.5271315527,[0],[0]
0,0,0,64,15,4.54001600544,[0],[0]
0,0,0,64,15,4.50880677281,[0],[0]
0,0,0,64,15,4.59031000094,[0],[0]
0,0,0,64,15,3.84221724099,[0],[0]
0,0,0,64,15,4.32461880851,[0],[0]
0,0,0,64,15,4.5996359539,[0],[0]
0,0,0,64,15,4.5308000665,[0],[0]
0,0,0,64,15,4.56244380981,[0],[0]
0,0,0,64,15,4.54697749089,[0],[0]
0,0,0,64,15,4.5114619461,[0],[0]
0,0,0,64,15,4.24811362508,[0],[0]
0,0,0,64,15,3.98506497655,[0],[0]
0,0,0,64,15,4.33474643299,[0],[0]
0,0,0,64,15,4.53903800274,[0],[0]
0,0,0,64,15,4.56220241234,[0],[0]
0,0,0,64,15,4.52733085745,[0],[0]
0,0,0,64,15,4.45463035677,[0],[0]
0,0,0,64,15,4.34654936859,[0],[0]
0,0,0,64,15,4.03502443167,[0],[0]
0,0,0,64,15,4.48028514231,[0],[0]
0,0,0,64,15,4.56848389635,[0],[0]
0,0,0,64,15,4.59357145072,[0],[0]
0,0,0,64,15,4.58211930874,[0],[0]
0,0,0,64,15,4.47478882413,[0],[0]
0,0,0,64,15,4.54299563433,[0],[0]
0,0,0,64,15,4.41306076336,[0],[0]
0,0,0,64,15,3.84045667107,[0],[0]
0,0,0,64,15,4.48392381436,[0],[0]
0,0,0,64,15,4.47891207564,[0],[0]
0,0,0,64,15,4.4754436757,[0],[0]
0,0,0,64,15,4.4571451911,[0],[0]
0,0,0,64,15,4.50938495438,[0],[0]
0,0,0,64,15,4.37067909965,[0],[0]
0,0,0,64,15,3.83301221105,[0],[0]
0,0,0,64,15,4.48937293583,[0],[0]
0,0,0,64,15,4.41938746027,[0],[0]
0,0,0,64,15,4.44740596609,[0],[0]
0,0,0,64,15,4.54206155765,[0],[0]
0,0,0,64,15,4.17287078677,[0],[0]
0,0,0,64,15,4.52038258992,[0],[0]
0,0,0,64,15,4.49330156613,[0],[0]
0,0,0,64,15,4.1960947289,[0],[0]
0,0,0,64,15,4.43649818134,[0],[0]
0,0,0,64,15,4.49948664218,[0],[0]
0,0,0,64,15,4.49664175463,[0],[0]
0,0,0,64,15,4.55317571714,[0],[0]
0,0,0,64,15,4.53211712892,[0],[0]
0,0,0,64,15,4.50284124099,[0],[0]
0,0,0,64,15,4.48138289409,[0],[0]
0,0,0,64,15,4.4249965433,[0],[0]
0,0,0,64,15,4.09050764206,[0],[0]
0,0,0,64,15,3.95494406029,[0],[0]
0,0,0,64,15,4.3753139552,[0],[0]
0,0,0,64,15,4.51234231328,[0],[0]
0,0,0,64,15,4.53911040079,[0],[0]
0,0,0,64,15,4.50938495438,[0],[0]
0,0,0,64,15,4.4984562395,[0],[0]
