48.19874166666666,-3.0148733333333335,143815.0,120,119.720091215,4.19568045062,[-60],[-60]
48.19874166666666,-3.0148733333333335,143816.0,120,119.220767935,4.13128010257,[-60],[-60]
48.19874166666666,-3.0148733333333335,143817.0,120,117.420176621,4.06992629282,[-60],[-60]
48.19874166666666,-3.0148733333333335,143818.0,120,118.090142682,4.23798909759,[-60],[-60]
48.19874166666666,-3.0148733333333335,143819.0,120,117.300255186,3.5249710577,[-60],[-60]
48.19874166666666,-3.0148733333333335,143820.0,120,116.332519439,3.48499336797,[-60],[-60]
48.19874166666666,-3.0148733333333335,143821.0,120,114.06866638,2.99659162551,[-60],[-60]
48.19874166666666,-3.0148733333333335,143822.0,120,112.393396601,2.71687932294,[-60],[-60]
48.19869166666667,-3.014835,143823.0,120,109.970330431,2.31121666157,[-60],[-60]
48.19869833333333,-3.0148383333333335,143824.0,120,109.816111384,2.1859560787,[-60],[-60]
48.198706666666666,-3.01484,143825.0,120,109.416064367,1.96421691815,[-60],[-60]
48.198708333333336,-3.01485,143826.0,120,110.909856904,2.24464503172,[-60],[-60]
48.19871333333333,-3.014855,143827.0,120,111.927842392,2.72581760631,[-60],[-60]
48.19872,-3.014858333333333,143828.0,120,114.572472646,3.20319684722,[-60],[-60]
48.198726666666666,-3.014858333333333,143829.0,120,117.21536688,3.69360343765,[-60],[-60]
48.19873166666667,-3.014858333333333,143830.0,120,118.060084024,3.98476706048,[-60],[-60]
48.19873666666667,-3.014855,143831.0,119.883419867,120,4.26384968827,[-60],[-60]
48.19874166666666,-3.0148466666666667,143832.0,120,118.669371763,4.03118725225,[-60],[-60]
48.19874333333333,-3.01484,143833.0,120,116.554974592,3.60354493847,[-60],[-60]
48.19874333333333,-3.014835,143834.0,120,114.295646971,3.12366513546,[-60],[-60]
48.198745,-3.014831666666667,143835.0,120,111.670538974,2.62294757717,[-60],[-60]
48.19874333333333,-3.0148283333333334,143836.0,120,109.2302533,2.12383410644,[-60],[-60]
48.198745,-3.0148283333333334,143837.0,120,107.120073111,1.76559617541,[-60],[-60]
48.198745,-3.014831666666667,143838.0,120,104.9756125,1.29546050025,[-60],[-60]
48.198745,-3.014831666666667,143839.0,104.920046921,120,1.04570968837,[-60],[-60]
48.198745,-3.014831666666667,143840.0,106.326661331,120,0.79267076245,[-60],[-60]
48.198745,-3.014831666666667,143841.0,106.256773879,120,0.727722642746,[-60],[-60]
48.198745,-3.014831666666667,143842.0,104.969214658,120,1.12079309518,[-60],[-60]
48.198745,-3.014831666666667,143843.0,120,106.226235262,1.51415914498,[-60],[-60]
48.198745,-3.014831666666667,143844.0,120,108.710722692,1.88577879503,[-60],[-60]
48.198745,-3.014831666666667,143845.0,120,110.425438374,2.274948791,[-60],[-60]
48.198745,-3.014831666666667,143846.0,120,110.850883185,2.40068284094,[-60],[-60]
48.198745,-3.014831666666667,143847.0,120,111.70043819,2.58305554664,[-60],[-60]
48.198745,-3.014831666666667,143848.0,120,112.466710781,2.69035820009,[-60],[-60]
48.198745,-3.014831666666667,143849.0,120,111.830923215,2.57825119239,[-60],[-60]
48.198745,-3.014831666666667,143850.0,120,112.683783699,2.75085948263,[-60],[-60]
48.198745,-3.014831666666667,143851.0,120,112.55797241,2.78866023006,[-60],[-60]
48.198745,-3.014831666666667,143852.0,120,112.960703279,2.84270790301,[-60],[-60]
48.198745,-3.014831666666667,143853.0,120,112.982121974,2.86118487122,[-60],[-60]
48.198745,-3.014831666666667,143854.0,120,112.280113206,2.70981209935,[-60],[-60]
48.198745,-3.014831666666667,143855.0,120,112.948353116,2.79640288762,[-60],[-60]
48.198745,-3.014831666666667,143856.0,120,111.785042631,2.56902988709,[-60],[-60]
48.198745,-3.014831666666667,143857.0,120,110.52825687,2.35990367199,[-60],[-60]
48.198745,-3.014831666666667,143858.0,120,109.708349972,2.05718853272,[-60],[-60]
48.198745,-3.014831666666667,143859.0,120,106.771925207,1.59286238668,[-60],[-60]
48.198745,-3.014831666666667,143900.0,120,106.088931696,1.46629449745,[-60],[-60]
48.198745,-3.014831666666667,143901.0,120,106.100689609,1.38773670232,[-60],[-60]
48.198745,-3.014831666666667,143902.0,120,105.533242764,1.3660937833,[-60],[-60]
48.198745,-3.014831666666667,143903.0,120,105.836367417,1.4466617746,[-60],[-60]
48.198745,-3.014831666666667,143904.0,120,107.604830102,1.69703739983,[-60],[-60]
48.198745,-3.014831666666667,143905.0,120,108.530692594,1.9346430956,[-60],[-60]
48.198745,-3.014831666666667,143906.0,120,109.316589258,2.10032164253,[-60],[-60]
48.198745,-3.014831666666667,143907.0,120,109.502902262,2.14336142316,[-60],[-60]
48.198745,-3.014831666666667,143908.0,120,109.7486796,2.19428083944,[-60],[-60]
48.198745,-3.014831666666667,143909.0,120,109.899008691,2.24751783797,[-60],[-60]
48.198728333333335,-3.01491,143910.0,120,110.868402706,2.36512282437,[-60],[-60]
48.19873,-3.01491,143911.0,120,111.032404374,2.43940762314,[-60],[-60]
48.19873,-3.01491,143912.0,120,111.494460622,2.43120231341,[-60],[-60]
48.19873,-3.014911666666667,143913.0,120,110.848317967,2.41774540346,[-60],[-60]
48.19873,-3.014911666666667,143914.0,120,110.226690176,2.44665963543,[-60],[-60]
48.19873,-3.014911666666667,143915.0,120,109.963062425,2.17276318813,[-60],[-60]
48.19873,-3.014911666666667,143916.0,120,109.037286305,2.00763857121,[-60],[-60]
48.19873,-3.014911666666667,143917.0,120,109.441356878,2.05294500052,[-60],[-60]
48.19873,-3.014911666666667,143918.0,120,108.36287431,1.87796964238,[-60],[-60]
48.19873,-3.014911666666667,143919.0,120,108.48738463,1.92269391075,[-60],[-60]
48.19873,-3.014911666666667,143920.0,120,108.610684912,1.91268453094,[-60],[-60]
48.19873,-3.014911666666667,143921.0,120,108.971563023,2.10738210896,[-60],[-60]
48.19873,-3.014911666666667,143922.0,120,108.013736648,1.78129493938,[-60],[-60]
48.19873,-3.014911666666667,143923.0,120,108.150081883,1.8529991666,[-60],[-60]
48.19873,-3.014911666666667,143924.0,120,109.413933354,2.05836281829,[-60],[-60]
48.19873,-3.014911666666667,143925.0,120,109.3091756,2.04880998455,[-60],[-60]
48.19873,-3.014911666666667,143926.0,120,108.990969943,2.00369557713,[-60],[-60]
48.19873,-3.014911666666667,143927.0,120,108.723657507,1.96680209105,[-60],[-60]
48.19873,-3.014911666666667,143928.0,120,108.890566477,1.92827841018,[-60],[-60]
48.19873,-3.014911666666667,143929.0,120,108.076310739,1.80702978434,[-60],[-60]
48.19873,-3.014911666666667,143930.0,120,108.684338061,2.02308902398,[-60],[-60]
48.19873,-3.014911666666667,143931.0,120,109.484572029,2.07222078328,[-60],[-60]
48.19873,-3.014911666666667,143932.0,120,110.073193371,2.25025947999,[-60],[-60]
48.19873,-3.014911666666667,143933.0,120,110.991429448,2.39440351332,[-60],[-60]
48.19873,-3.014911666666667,143934.0,120,111.59017204,2.51215547856,[-60],[-60]
48.19873,-3.014911666666667,143935.0,120,110.902330987,2.35233648464,[-60],[-60]
48.19873,-3.014911666666667,143936.0,120,111.042046663,2.38860991006,[-60],[-60]
48.19873,-3.014911666666667,143937.0,120,110.607842575,2.30881253749,[-60],[-60]
48.19873,-3.014911666666667,143938.0,120,110.121002691,2.24841960884,[-60],[-60]
48.19873,-3.014911666666667,143939.0,120,110.060863868,2.2180931808,[-60],[-60]
48.19873,-3.014911666666667,143940.0,120,110.080000832,2.31277667124,[-60],[-60]
48.19873,-3.014911666666667,143941.0,120,109.643490311,2.16410432243,[-60],[-60]
48.19873,-3.014911666666667,143942.0,120,109.652172121,2.13752554432,[-60],[-60]
48.19873,-3.014911666666667,143943.0,120,109.982464305,2.17974587651,[-60],[-60]
48.19873,-3.014911666666667,143944.0,120,108.913702347,1.99767423728,[-60],[-60]
48.19873,-3.014911666666667,143945.0,120,110.182662161,2.20908148717,[-60],[-60]
48.19873,-3.014911666666667,143946.0,120,109.535629567,2.09798373777,[-60],[-60]
48.19873,-3.014911666666667,143947.0,120,110.267034733,2.10590827739,[-60],[-60]
48.19873,-3.014911666666667,143948.0,120,108.851538555,2.09862074844,[-60],[-60]
48.19873,-3.014911666666667,143949.0,120,109.615989255,2.11290323318,[-60],[-60]
48.19873,-3.014911666666667,143950.0,120,108.395438386,1.87609847949,[-60],[-60]
48.19873,-3.014911666666667,143951.0,120,107.818835406,1.76469107722,[-60],[-60]
48.19873,-3.014911666666667,143952.0,120,107.296472126,1.70591111954,[-60],[-60]
48.19873,-3.014911666666667,143953.0,120,106.284323569,1.46421350926,[-60],[-60]
48.19873,-3.014911666666667,143954.0,120,106.742228276,1.55224870692,[-60],[-60]
48.19873,-3.014911666666667,143955.0,120,106.717550465,1.55760857314,[-60],[-60]
48.19873,-3.014911666666667,143956.0,120,108.505592774,1.81284516022,[-60],[-60]
48.19873,-3.014911666666667,143957.0,120,108.503914402,1.93320009983,[-60],[-60]
48.19873,-3.014911666666667,143958.0,120,109.449618334,2.08653980767,[-60],[-60]
48.19873,-3.014911666666667,143959.0,120,109.032025788,1.98021598199,[-60],[-60]
48.19873,-3.014911666666667,144000.0,120,108.879950904,1.97007530794,[-60],[-60]
48.19873,-3.014911666666667,144001.0,120,108.845179498,1.98089814997,[-60],[-60]
48.19873,-3.014911666666667,144002.0,120,109.16375821,2.02182549663,[-60],[-60]
48.19873,-3.014911666666667,144003.0,120,108.820969227,1.97038477799,[-60],[-60]
48.19873,-3.014911666666667,144004.0,120,108.876791878,1.93124647927,[-60],[-60]
48.19873,-3.014911666666667,144005.0,120,108.167990807,1.79849455628,[-60],[-60]
48.19873,-3.014911666666667,144006.0,120,107.160026799,1.62052903983,[-60],[-60]
48.19873,-3.014911666666667,144007.0,120,108.438894771,1.70301978707,[-60],[-60]
48.19873,-3.014911666666667,144008.0,120,108.066440128,1.77729633917,[-60],[-60]
48.19873,-3.014911666666667,144009.0,120,108.081127232,1.81847040118,[-60],[-60]
48.19873,-3.014911666666667,144010.0,120,108.454480574,1.90587307943,[-60],[-60]
48.19873,-3.014911666666667,144011.0,120,108.16299663,1.79476907622,[-60],[-60]
48.19873,-3.014911666666667,144012.0,120,108.507908189,1.86617936715,[-60],[-60]
48.19873,-3.014911666666667,144013.0,120,109.468766765,2.17327769161,[-60],[-60]
48.19873,-3.014911666666667,144014.0,120,109.708052877,2.10286841821,[-60],[-60]
48.19873,-3.014911666666667,144015.0,120,109.280458067,2.05185030144,[-60],[-60]
48.19873,-3.014911666666667,144016.0,120,109.167049654,1.98243151258,[-60],[-60]
48.19873,-3.014911666666667,144017.0,120,107.796069806,1.74664450755,[-60],[-60]
48.19873,-3.014911666666667,144018.0,120,107.00826071,1.68310371149,[-60],[-60]
48.19873,-3.014911666666667,144019.0,120,106.971861369,1.52705692826,[-60],[-60]
48.19873,-3.014911666666667,144020.0,120,106.232711239,1.40780453104,[-60],[-60]
48.19873,-3.014911666666667,144021.0,120,107.215419591,1.62171191271,[-60],[-60]
48.19873,-3.014911666666667,144022.0,120,106.810181952,1.59817840395,[-60],[-60]
48.19873,-3.014911666666667,144023.0,120,106.394033709,1.49217086953,[-60],[-60]
48.19873,-3.014911666666667,144024.0,120,107.567120591,1.69707262881,[-60],[-60]
48.19873,-3.014911666666667,144025.0,120,108.741964626,1.95064194016,[-60],[-60]
48.19873,-3.014911666666667,144026.0,120,108.580707345,1.89466552209,[-60],[-60]
48.19873,-3.014911666666667,144027.0,120,108.26715774,1.82129485032,[-60],[-60]
48.19873,-3.014911666666667,144028.0,120,107.520993348,1.70470154356,[-60],[-60]
